0.796629 -0.641548 1.0
1.404017 0.765873 1.0
-0.556115 0.112982 0.0
1.424434 0.732921 1.0
0.301068 0.992655 0.0
-1.299752 1.328882 1.0
0.736251 0.628714 0.0
0.455464 -1.46808 1.0
-0.911638 -1.263221 1.0
-0.021731 -0.31423 0.0
0.109536 1.260702 1.0
0.274017 -1.417449 1.0
-0.810732 -1.182973 1.0
1.083022 -1.354029 1.0
1.025803 0.139466 0.0
1.21207 -0.374446 1.0
0.18382 0.924495 0.0
0.170665 -0.327961 0.0
1.398393 -0.436738 1.0
-0.310966 0.618312 0.0
1.317073 -0.136131 1.0
-1.393491 1.37931 1.0
0.046292 0.997654 0.0
-0.508042 0.775396 0.0
-0.831903 0.52271 0.0
-0.056842 -1.391861 1.0
1.204234 -0.768692 1.0
-0.809096 -0.481905 1.0
-0.345932 -0.87945 1.0
0.124091 0.29108 0.0
-1.234174 0.727818 1.0
-1.483808 1.191751 1.0
-0.107379 -0.725204 0.0
-0.212039 -0.650215 0.0
-0.273945 1.224488 1.0
-0.408622 0.981359 0.0
-0.173013 1.225858 1.0
-0.009956 -0.764897 0.0
-0.191613 -1.171586 1.0
1.45757 0.844099 1.0
0.15745 0.568412 0.0
0.037313 0.316182 0.0
-0.088258 1.274014 1.0
0.613486 1.132706 0.0
-0.319721 0.032118 0.0
0.003199 -1.073785 1.0
0.017836 -0.145818 0.0
-0.648704 -1.456994 1.0
-0.398085 0.797886 0.0
-1.134038 0.918759 1.0
-1.274232 0.279213 1.0
0.911663 -1.004807 1.0
0.56651 -0.114487 0.0
0.397328 -1.284248 1.0
0.483196 1.134299 0.0
0.120275 0.824578 0.0
1.165676 -1.441928 1.0
-1.235135 0.152229 1.0
-0.510878 -0.753934 1.0
0.69647 -1.293482 1.0
0.628508 1.321319 1.0
-0.278537 -1.304444 1.0
0.20011 1.306203 1.0
0.986687 0.914968 0.0
-0.670333 -0.362541 0.0
-0.780578 -0.666285 1.0
0.740022 -0.376061 0.0
0.745646 0.616104 0.0
-0.446945 0.891264 0.0
1.336036 -1.147882 1.0
1.171285 0.812138 1.0
0.21747 0.127128 0.0
-0.850144 0.253663 0.0
-1.048179 1.033345 1.0
0.666649 0.200131 0.0
-1.066828 -0.955292 1.0
0.973868 1.353975 1.0
-0.60866 0.248001 0.0
1.323425 0.360355 1.0
-0.008648 0.803003 0.0
0.673041 1.127788 0.0
1.034588 -0.77059 1.0
1.295707 -0.133672 1.0
1.082365 -1.264083 1.0
-0.895989 -0.671818 1.0
0.098449 0.543394 0.0
0.281388 0.350797 0.0
-0.631026 1.19601 0.0
0.751764 0.656277 0.0
1.371383 -0.64455 1.0
1.421011 -0.523106 1.0
0.35521 -0.986489 1.0
0.226634 -1.477342 1.0
-0.783654 1.148376 0.0
0.043953 0.7395 0.0
-0.103222 1.427785 1.0
0.799842 -0.912032 1.0
0.322246 1.290545 1.0
-0.626178 1.485917 1.0
0.194649 -0.36857 0.0
-0.926608 -0.262556 1.0
0.481435 1.310034 1.0
0.534392 1.169114 0.0
1.102732 -0.303444 1.0
1.448356 0.339531 1.0
0.5221 -1.21489 1.0
1.215443 1.459246 1.0
0.642985 1.302832 1.0
0.447026 -0.349402 0.0
1.31784 -1.2411 1.0
-0.443898 0.8496 0.0
-0.080767 0.341658 0.0
1.166682 1.371569 1.0
-1.185313 1.489212 1.0
0.924679 1.385112 1.0
0.406305 1.48993 1.0
1.286131 0.797785 1.0
-1.430297 0.324605 1.0
-1.314939 1.046564 1.0
0.539026 1.462607 1.0
1.08035 -0.480707 1.0
1.325693 -0.464261 1.0
-1.071177 -0.606909 1.0
1.092132 -1.045581 1.0
0.800417 -0.598047 1.0
-0.731691 -0.146698 0.0
-1.496801 -0.377683 1.0
0.414429 0.311267 0.0
