0.796629 -0.641548 1.0
1.404017 0.765873 1.0
-0.556115 0.112982 0.0
1.424434 0.732921 1.0
0.301068 0.992655 0.0
-1.299752 1.328882 1.0
0.736251 0.628714 0.0
0.455464 -1.46808 1.0
-0.911638 -1.263221 1.0
-0.021731 -0.31423 0.0
0.109536 1.260702 1.0
0.274017 -1.417449 1.0
-0.810732 -1.182973 1.0
1.083022 -1.354029 1.0
1.025803 0.139466 0.0
1.21207 -0.374446 1.0
0.18382 0.924495 0.0
0.170665 -0.327961 0.0
1.398393 -0.436738 1.0
-0.310966 0.618312 0.0
1.317073 -0.136131 1.0
-1.393491 1.37931 1.0
0.046292 0.997654 0.0
-0.508042 0.775396 0.0
-0.831903 0.52271 0.0
-0.056842 -1.391861 1.0
1.204234 -0.768692 1.0
-0.809096 -0.481905 1.0
-0.345932 -0.87945 1.0
0.124091 0.29108 0.0
-1.234174 0.727818 1.0
-1.483808 1.191751 1.0
-0.107379 -0.725204 0.0
-0.212039 -0.650215 0.0
-0.273945 1.224488 1.0
-0.408622 0.981359 0.0
-0.173013 1.225858 1.0
-0.009956 -0.764897 0.0
-0.191613 -1.171586 1.0
1.45757 0.844099 1.0
0.15745 0.568412 0.0
0.037313 0.316182 0.0
-0.088258 1.274014 1.0
0.613486 1.132706 0.0
-0.319721 0.032118 0.0
0.003199 -1.073785 1.0
0.017836 -0.145818 0.0
-0.648704 -1.456994 1.0
-0.398085 0.797886 0.0
-1.134038 0.918759 1.0
-1.274232 0.279213 1.0
0.911663 -1.004807 1.0
0.56651 -0.114487 0.0
0.397328 -1.284248 1.0
0.483196 1.134299 0.0
0.120275 0.824578 0.0
1.165676 -1.441928 1.0
-1.235135 0.152229 1.0
-0.510878 -0.753934 1.0
0.69647 -1.293482 1.0
0.628508 1.321319 1.0
-0.278537 -1.304444 1.0
0.20011 1.306203 1.0
0.986687 0.914968 0.0
-0.670333 -0.362541 0.0
-0.780578 -0.666285 1.0
0.740022 -0.376061 0.0
0.745646 0.616104 0.0
-0.446945 0.891264 0.0
1.336036 -1.147882 1.0
1.171285 0.812138 1.0
0.21747 0.127128 0.0
-0.850144 0.253663 0.0
-1.048179 1.033345 1.0
0.666649 0.200131 0.0
-1.066828 -0.955292 1.0
0.973868 1.353975 1.0
-0.60866 0.248001 0.0
1.323425 0.360355 1.0
-0.008648 0.803003 0.0
0.673041 1.127788 0.0
1.034588 -0.77059 1.0
1.295707 -0.133672 1.0
1.082365 -1.264083 1.0
-0.895989 -0.671818 1.0
0.098449 0.543394 0.0
0.281388 0.350797 0.0
-0.631026 1.19601 0.0
0.751764 0.656277 0.0
1.371383 -0.64455 1.0
1.421011 -0.523106 1.0
0.35521 -0.986489 1.0
0.226634 -1.477342 1.0
-0.783654 1.148376 0.0
0.043953 0.7395 0.0
-0.103222 1.427785 1.0
0.799842 -0.912032 1.0
0.322246 1.290545 1.0
-0.626178 1.485917 1.0
0.194649 -0.36857 0.0
-0.926608 -0.262556 1.0
0.481435 1.310034 1.0
0.534392 1.169114 0.0
1.102732 -0.303444 1.0
1.448356 0.339531 1.0
0.5221 -1.21489 1.0
1.215443 1.459246 1.0
0.642985 1.302832 1.0
0.447026 -0.349402 0.0
1.31784 -1.2411 1.0
-0.443898 0.8496 0.0
-0.080767 0.341658 0.0
1.166682 1.371569 1.0
-1.185313 1.489212 1.0
0.924679 1.385112 1.0
0.406305 1.48993 1.0
1.286131 0.797785 1.0
-1.430297 0.324605 1.0
-1.314939 1.046564 1.0
0.539026 1.462607 1.0
1.08035 -0.480707 1.0
1.325693 -0.464261 1.0
-1.071177 -0.606909 1.0
1.092132 -1.045581 1.0
0.800417 -0.598047 1.0
-0.731691 -0.146698 0.0
-1.496801 -0.377683 1.0
0.414429 0.311267 0.0
-0.017153 0.468767 0.0
-0.918926 -0.912438 1.0
-1.004182 -0.645224 1.0
0.869907 1.035199 0.0
-0.05798 1.016043 0.0
0.563961 0.464354 0.0
0.445922 -0.884362 1.0
0.469796 0.968608 0.0
0.374209 -0.718504 1.0
0.936981 -0.361011 1.0
-1.183044 0.247183 1.0
-1.020611 0.071188 0.0
1.098132 0.591969 0.0
-1.15975 -1.167383 1.0
-1.328524 0.96289 1.0
1.140606 -0.324108 1.0
0.673904 1.28421 1.0
1.477373 0.157646 1.0
-0.395597 -0.421304 0.0
0.460744 -0.778662 1.0
0.704956 1.241321 1.0
0.641516 0.22941 0.0
1.032036 0.436399 0.0
-0.82302 1.063222 0.0
-0.37075 -0.783689 1.0
-0.178387 0.168362 0.0
-1.470051 0.746045 1.0
-0.854747 -0.846815 1.0
0.117312 -1.318815 1.0
-0.771413 0.887208 0.0
1.319767 1.141272 1.0
0.562808 -1.30034 1.0
0.223198 -0.645347 0.0
-1.166257 -0.5716 1.0
0.579185 0.285695 0.0
1.30349 -0.805217 1.0
1.189907 -0.338219 1.0
1.091467 -1.301871 1.0
1.443067 -1.446788 1.0
0.867954 1.288264 1.0
-0.707485 -1.312478 1.0
0.714919 -1.323679 1.0
-0.012896 0.110629 0.0
-0.524129 0.016959 0.0
-0.239292 -0.990541 1.0
-1.491062 0.562989 1.0
1.014542 -0.281487 1.0
-1.036431 -1.436693 1.0
-0.182147 1.245509 1.0
1.419223 -0.094319 1.0
-1.329598 1.433333 1.0
0.204716 -0.281418 0.0
-1.436305 0.160554 1.0
1.069044 -1.492441 1.0
-0.458933 0.533 0.0
-0.599814 0.037739 0.0
0.421784 0.928099 0.0
0.534445 0.466005 0.0
0.282589 0.706094 0.0
-0.539079 0.561543 0.0
-0.365588 -0.967594 1.0
-0.212799 0.76674 0.0
0.293563 0.799292 0.0
1.49381 -0.234546 1.0
0.918451 0.183891 0.0
0.124457 1.36458 1.0
0.808171 -1.094525 1.0
0.813938 0.104241 0.0
-0.484071 0.834038 0.0
-1.101866 1.293919 1.0
-1.319151 -0.655057 1.0
-1.105611 1.331251 1.0
1.224706 -0.774023 1.0
0.488467 -1.492956 1.0
-0.203883 1.496034 1.0
1.212191 0.908998 1.0
-0.176877 1.110511 0.0
0.625858 -0.353578 0.0
-1.119642 -1.139075 1.0
1.149268 0.449645 1.0
-0.39234 -1.23759 1.0
0.138281 -0.300862 0.0
-0.727401 0.706489 0.0
0.298398 -0.516475 0.0
-1.337835 -0.681186 1.0
-0.001304 -0.115536 0.0
-0.468288 -0.82105 1.0
-0.87173 -1.480909 1.0
1.143683 -0.944996 1.0
-0.580807 1.231492 0.0
0.380514 -1.317743 1.0
-0.742087 -0.402896 1.0
-0.833853 1.404602 1.0
0.937223 1.394816 1.0
-0.773835 -1.358316 1.0
-0.464349 1.278156 1.0
0.991401 -0.482186 1.0
-0.793619 -0.7009 1.0
-1.281421 -0.900483 1.0
1.282609 -0.547999 1.0
0.233894 -0.42451 0.0
0.153935 0.233141 0.0
-0.883024 0.3634 0.0
-0.836701 1.294753 1.0
0.422416 -0.875963 1.0
-0.572932 -0.685103 1.0
0.536908 -0.906973 1.0
-1.235901 -0.509079 1.0
-0.180455 0.351534 0.0
-1.217343 0.006951 1.0
0.089621 -1.102686 1.0
1.43704 1.251278 1.0
-0.640327 0.192405 0.0
1.212103 -0.461201 1.0
1.004608 -1.131675 1.0
1.290059 -0.708432 1.0
0.539307 -1.039661 1.0
0.91545 0.725218 0.0
1.171517 -0.113625 1.0
0.421885 1.276388 1.0
-1.169681 1.114483 1.0
-0.31762 0.302334 0.0
0.588431 -0.071212 0.0
-0.036569 0.808274 0.0
-1.28629 1.326626 1.0
-1.418151 -1.315203 1.0
0.596409 1.381032 1.0
-0.628837 -0.679065 1.0
0.918432 1.1047 1.0
0.263026 -1.47978 1.0
0.144219 -0.297475 0.0
1.40235 -0.812571 1.0
-1.073212 -1.243303 1.0
0.310463 -0.685009 0.0
1.06032 -1.027921 1.0
0.571174 0.508086 0.0
-0.934408 1.363118 1.0
1.366541 0.758013 1.0
1.000167 1.294455 1.0
-1.040539 0.090451 0.0
-0.364072 1.482485 1.0
1.240147 0.727122 1.0
0.912426 0.228742 0.0
-0.954054 0.671102 0.0
1.012304 -1.075696 1.0
-1.168417 0.002755 1.0
1.013339 0.477989 0.0
-0.623956 1.461417 1.0
0.259899 -0.426157 0.0
0.260308 -0.78042 0.0
-0.451703 -1.004965 1.0
-1.099009 1.497524 1.0
-1.452092 -0.015273 1.0
-1.485148 -1.150343 1.0
1.447784 -1.123489 1.0
-0.990108 -0.023176 1.0
-1.240086 -0.614589 1.0
-1.360632 0.048961 1.0
0.834093 0.278793 0.0
0.631002 -0.213273 0.0
0.251535 1.072992 0.0
0.83758 1.234938 1.0
0.887935 1.156962 1.0
0.938511 0.137639 0.0
-0.24949 -0.376993 0.0
-0.214814 0.778527 0.0
-0.54173 1.390946 1.0
1.249325 0.832856 1.0
0.02571 -0.132993 0.0
0.440833 0.395719 0.0
0.470198 -0.410405 0.0
-0.650866 -0.998642 1.0
0.940832 0.620093 0.0
-1.006651 0.059254 0.0
1.311221 1.211713 1.0
1.44881 1.479434 1.0
1.200928 -1.060463 1.0
0.547583 -1.094928 1.0
-0.562031 -0.095686 0.0
0.268682 -0.456981 0.0
-1.240092 0.816161 1.0
-1.033546 0.268359 0.0
-0.318799 -0.346127 0.0
-0.946936 -0.231635 1.0
0.923185 -1.386133 1.0
-0.142156 0.769466 0.0
-1.054416 0.701595 0.0
0.261109 0.05597 0.0
-0.085263 -0.709021 0.0
-0.098112 1.071715 0.0
-1.442221 -0.134207 1.0
0.38573 1.134577 0.0
-1.354011 0.06749 1.0
-1.268753 0.046205 1.0
0.373115 0.331531 0.0
0.593998 -0.992705 1.0
-0.908115 0.449964 0.0
0.269334 1.199557 1.0
-0.622057 0.248244 0.0
0.624848 -0.926952 1.0
-1.141335 -0.733745 1.0
0.035856 1.162292 1.0
0.125106 1.34919 1.0
0.169974 1.466065 1.0
-1.180097 -0.640408 1.0
0.317522 0.257249 0.0
1.150869 -0.278006 1.0
-0.003833 1.006373 0.0
0.021474 0.941469 0.0
-1.320248 1.197114 1.0
-0.486923 1.220548 0.0
0.350018 -0.792982 1.0
-1.231584 0.358981 1.0
0.000838 0.219717 0.0
1.285521 0.142517 1.0
-0.341375 0.241418 0.0
-1.380724 1.397168 1.0
-0.514335 1.476794 1.0
0.685754 0.714501 0.0
-1.430194 -0.759277 1.0
0.637799 -0.529756 1.0
-0.680578 -0.439898 0.0
-0.985647 1.424684 1.0
0.559083 -0.711473 1.0
0.660209 -0.35442 0.0
-0.410234 -0.365071 0.0
0.090334 0.792832 0.0
1.175951 -1.242105 1.0
-0.07442 0.060225 0.0
0.319014 0.458772 0.0
-1.457575 -1.385173 1.0
0.152742 0.175978 0.0
-0.222066 1.168031 0.0
0.240192 1.245005 1.0
0.615826 -0.450703 0.0
0.615508 -0.71026 1.0
0.003965 -0.604822 0.0
0.872224 -0.19636 0.0
0.442524 -1.207606 1.0
-1.390078 1.498374 1.0
0.034401 -0.694783 0.0
-1.362503 -1.087547 1.0
-0.18325 0.741024 0.0
-0.7342 0.874111 0.0
0.218164 0.318633 0.0
0.18367 1.024275 0.0
-1.402392 0.503879 1.0
1.237618 0.881096 1.0
-1.375647 -0.772963 1.0
-1.360694 -0.717087 1.0
-1.35871 1.319685 1.0
0.467219 0.740765 0.0
-0.949417 0.532016 0.0
0.683521 0.674824 0.0
1.203637 1.098508 1.0
-0.686706 1.210692 0.0
1.40548 0.632277 1.0
0.979622 -0.983935 1.0
0.050371 -0.984351 1.0
0.287429 -1.150543 1.0
-0.978599 0.723739 0.0
-0.422512 -0.98319 1.0
-0.100887 0.695787 0.0
0.920327 -0.02846 0.0
0.258292 0.387348 0.0
-0.946136 0.779018 0.0
-1.447283 -1.191913 1.0
-0.296628 0.174578 0.0
1.139704 0.502588 1.0
-1.493574 1.090238 1.0
-1.000479 -0.541202 1.0
1.029785 -0.88915 1.0
0.868018 0.472819 0.0
-1.422796 -1.260125 1.0
1.446884 0.887412 1.0
0.163245 -0.759475 0.0
-0.289421 -1.496795 1.0
-0.94352 -1.462731 1.0
-0.256607 -1.207468 1.0
-1.259353 1.362926 1.0
0.847937 0.171754 0.0
-0.42965 -1.361281 1.0
0.556983 1.151095 0.0
-1.330483 -0.440819 1.0
1.493761 -0.753345 1.0
0.960641 0.846412 0.0
1.02947 -0.138928 1.0
1.158592 0.964315 1.0
-0.649812 0.975706 0.0
-0.175832 0.511538 0.0
-1.071793 1.432679 1.0
-0.997618 -0.607343 1.0
-0.539002 0.392231 0.0
-0.459384 0.023319 0.0
-1.491509 -1.449888 1.0
0.313583 0.513641 0.0
-0.748851 0.168657 0.0
-0.724072 -0.24374 0.0
0.743528 0.655807 0.0
0.310829 0.876557 0.0
0.587074 1.347029 1.0
-0.9514 -1.146022 1.0
0.954473 -0.874037 1.0
-0.002166 0.190796 0.0
0.125886 0.524121 0.0
0.899746 0.483245 0.0
0.982898 0.38442 0.0
-0.527709 -0.83047 1.0
1.254951 -1.354094 1.0
-0.974007 0.086489 0.0
-0.358976 -0.190139 0.0
-0.559229 -0.746387 1.0
1.030303 -0.049197 1.0
-0.079412 0.620235 0.0
0.619287 -0.513233 1.0
0.96706 -1.18029 1.0
1.308934 0.203842 1.0
0.855846 0.642524 0.0
0.796323 -0.679702 1.0
-0.54854 0.242491 0.0
-0.375403 0.245163 0.0
-0.480861 -0.830568 1.0
0.130019 1.160777 1.0
1.427455 -1.07333 1.0
-0.493649 1.137461 0.0
-0.50386 0.038912 0.0
-0.279111 -0.321788 0.0
-0.723295 0.678143 0.0
0.6925 -0.691805 1.0
-0.186018 1.012804 0.0
-0.408257 1.427208 1.0
-0.082275 0.476817 0.0
0.492965 -0.955107 1.0
1.126597 -0.624031 1.0
-1.444241 0.683295 1.0
-0.593396 0.444745 0.0
-0.137169 0.022462 0.0
0.467113 1.066674 0.0
1.4885 -0.360414 1.0
0.039679 -1.31876 1.0
1.267898 0.915989 1.0
0.012985 -0.292409 0.0
-1.251034 -0.016883 1.0
-1.141827 0.969423 1.0
-0.105237 0.199453 0.0
0.599964 -0.979233 1.0
-1.169934 0.129282 1.0
-0.944879 0.826437 0.0
-0.661056 -1.175402 1.0
0.081443 -0.295346 0.0
0.110532 1.34624 1.0
0.932283 -0.288398 1.0
0.416687 0.614401 0.0
-0.419243 0.260107 0.0
-0.391753 -1.02127 1.0
1.408251 -0.55017 1.0
-0.398129 0.618406 0.0
-0.877873 1.062614 0.0
1.26667 0.442425 1.0
1.439145 1.198946 1.0
0.217031 -0.889478 1.0
-0.886924 -1.213884 1.0
0.83101 0.140324 0.0
-0.304088 0.512874 0.0
0.932512 -0.557172 1.0
1.364525 0.355859 1.0
-1.281123 0.635634 1.0
0.958583 -0.693061 1.0
0.764306 1.420187 1.0
-0.947582 -0.352028 1.0
1.050777 1.32928 1.0
-0.627789 -0.900273 1.0
-1.438233 -0.419016 1.0
1.307274 0.064631 1.0
-1.078261 1.083513 1.0
-1.382526 1.070254 1.0
-0.521141 0.381873 0.0
-1.0822 1.45109 1.0
0.71112 -0.831376 1.0
-0.019518 -1.487422 1.0
-0.886842 0.962918 0.0
1.340546 0.054416 1.0
0.438179 0.89142 0.0
0.592329 -0.762925 1.0
-1.388398 -0.892877 1.0
0.746859 -0.224103 0.0
-1.451608 -1.364001 1.0
1.307983 1.166225 1.0
-0.192525 0.747886 0.0
0.844093 -0.2845 1.0
-0.94276 -1.186993 1.0
0.946112 -0.962049 1.0
1.315129 1.006505 1.0
-1.389555 -0.154923 1.0
-0.199612 0.805466 0.0
1.132337 0.572473 0.0
0.111766 -0.102523 0.0
-1.006834 1.403061 1.0
1.351215 -0.100675 1.0
0.095419 -1.40693 1.0
1.146768 -1.249738 1.0
0.622595 -1.46354 1.0
-1.124675 -0.66567 1.0
0.94787 0.546447 0.0
-0.823452 0.287017 0.0
0.192833 -1.05063 1.0
0.719365 1.289584 1.0
0.500596 1.482979 1.0
1.471939 1.197488 1.0
-1.106597 -0.82468 1.0
0.24982 -1.186413 1.0
0.794041 -1.032184 1.0
0.575674 0.739159 0.0
0.640955 -0.133577 0.0
-0.268818 0.210086 0.0
-1.291389 -1.458406 1.0
1.352398 0.805518 1.0
-0.928202 1.062305 0.0
-0.918731 0.878712 0.0
-0.644141 -1.330984 1.0
0.931865 -0.626216 1.0
-0.802468 0.93426 0.0
0.493869 -0.610396 0.0
0.032431 -0.854388 0.0
-0.153806 1.351211 1.0
0.379371 -1.214535 1.0
0.290494 -1.497695 1.0
0.92785 0.891211 0.0
-1.27118 -0.926422 1.0
0.829125 1.115849 0.0
0.469991 -0.00378 0.0
-0.738782 -0.435529 1.0
-1.412967 -0.705104 1.0
0.01662 -0.497648 0.0
0.417504 0.14198 0.0
0.640784 -0.796271 1.0
0.523173 -1.092781 1.0
0.21824 1.083808 0.0
0.456454 0.843985 0.0
1.195155 -1.070886 1.0
1.479488 -0.448708 1.0
-1.095739 0.662803 0.0
0.126295 -0.985709 1.0
-0.86443 -0.444007 1.0
1.244352 -0.738857 1.0
1.084262 1.418812 1.0
0.833656 1.00171 0.0
-1.35082 1.337624 1.0
-0.156171 -1.012762 1.0
-0.69933 0.731005 0.0
0.694458 -0.471661 1.0
1.350267 -1.38474 1.0
-0.275479 -0.434415 0.0
0.198166 -0.111377 0.0
0.594063 0.198661 0.0
1.416329 -1.009559 1.0
-1.487504 -0.969801 1.0
0.214389 -0.597696 0.0
-0.746794 -0.031529 0.0
0.516014 -0.134266 0.0
1.023691 0.071049 0.0
0.141986 -0.679152 0.0
-0.445332 1.362908 1.0
0.900121 -1.197502 1.0
-1.35627 0.343156 1.0
0.09618 -0.854968 0.0
1.13035 0.633755 0.0
-1.002073 0.903307 0.0
0.737922 0.742885 0.0
0.756453 0.253187 0.0
0.722118 0.74886 0.0
-0.717823 -0.929909 1.0
0.115717 -1.317394 1.0
-0.894442 -0.134454 0.0
-0.378051 -1.221293 1.0
-1.078941 1.133507 1.0
1.080224 0.097583 1.0
0.728458 -0.582781 1.0
0.033369 -1.338514 1.0
1.003712 0.990832 0.0
1.054575 -1.183986 1.0
0.93639 -0.42117 1.0
0.181604 1.066743 0.0
-1.174356 -0.97199 1.0
-1.324038 -0.776901 1.0
0.173274 -0.334082 0.0
0.025704 -1.189457 1.0
-1.236418 0.554468 1.0
-0.687082 0.664722 0.0
-0.268654 0.412312 0.0
1.069768 -0.509368 1.0
0.98388 -0.686172 1.0
-0.375592 1.188103 0.0
0.589301 0.872777 0.0
-0.634306 1.413568 1.0
0.236532 -0.241737 0.0
1.431302 -1.154798 1.0
-1.206303 0.110891 1.0
0.805173 -0.935775 1.0
-0.832451 -0.09136 0.0
-0.026886 1.378052 1.0
-0.233056 -1.34549 1.0
0.016524 -1.085797 1.0
-0.307235 1.150126 0.0
-1.45953 1.399699 1.0
-0.947175 -1.065268 1.0
0.083902 -0.601049 0.0
-0.506994 0.222397 0.0
-0.903972 0.362349 0.0
0.024123 0.80817 0.0
0.361797 -0.714476 1.0
-0.621307 -0.484914 0.0
1.476411 -1.169365 1.0
1.213132 -0.290917 1.0
0.443413 -0.466942 0.0
0.840517 0.53594 0.0
0.787172 0.294415 0.0
0.368148 0.11618 0.0
0.303874 1.469148 1.0
-0.015505 1.41693 1.0
1.061254 -0.609933 1.0
1.01562 1.394392 1.0
1.205286 1.154484 1.0
-0.96922 0.502878 0.0
-1.337589 -0.836162 1.0
-1.361967 -1.437713 1.0
-0.303636 -0.677055 0.0
0.803635 0.276431 0.0
-0.457093 1.133641 0.0
0.701791 -1.281699 1.0
-0.451986 -1.383145 1.0
-0.781135 -0.28503 0.0
0.967685 -1.190932 1.0
0.571732 1.178001 0.0
1.257991 0.015245 1.0
0.820798 1.454292 1.0
-1.40116 0.379702 1.0
-1.017296 -0.412334 1.0
-1.346931 -1.461552 1.0
-0.975604 1.098284 1.0
0.843514 0.730404 0.0
1.012121 0.523628 0.0
-0.881897 0.896288 0.0
-0.547722 0.780718 0.0
0.867546 -0.742821 1.0
1.21574 -0.375011 1.0
-1.125667 0.095329 1.0
-0.421401 -0.986469 1.0
0.063956 1.235134 1.0
-1.000607 -1.353751 1.0
-0.295262 0.798688 0.0
-0.304796 0.784042 0.0
0.281663 0.387569 0.0
0.773245 0.461664 0.0
-0.465693 0.782905 0.0
-1.376973 -1.060701 1.0
0.205969 0.630143 0.0
-1.280139 -0.117652 1.0
-0.124988 -1.244693 1.0
-0.298961 0.558924 0.0
-1.349116 -1.302438 1.0
-0.850993 -0.932998 1.0
-0.643934 -1.213232 1.0
-0.14989 -1.276844 1.0
0.201986 -1.155576 1.0
-0.196668 -0.669134 0.0
0.805921 -0.927373 1.0
-0.791412 -1.218472 1.0
0.680411 0.458085 0.0
-0.838018 -1.061347 1.0
0.759842 -0.664912 1.0
-0.200033 -1.350816 1.0
-1.109781 -0.108338 1.0
-0.066081 -1.477273 1.0
0.745652 1.261522 1.0
0.091037 -0.234613 0.0
1.237872 -0.054992 1.0
-0.020666 1.05461 1.0
1.379125 1.393552 1.0
-0.417709 0.661474 0.0
-0.317475 0.997456 0.0
1.349909 -1.476921 1.0
1.227283 -0.120206 1.0
-0.44325 -0.816064 1.0
-0.376033 0.362146 0.0
-1.264098 0.364586 1.0
0.594352 -0.00791 0.0
0.362205 1.159855 0.0
-1.074908 -0.983655 1.0
-1.316441 0.22546 1.0
1.134701 0.994042 1.0
-1.414214 0.732885 1.0
-0.009263 -0.90201 0.0
1.138409 1.275353 1.0
0.063665 -0.790326 0.0
1.429439 -1.199449 1.0
1.130805 -1.437392 1.0
0.981967 0.594352 0.0
0.013665 -0.85283 0.0
-1.45189 0.415141 1.0
0.780641 -0.205001 0.0
-0.277648 1.333015 1.0
1.462106 1.117838 1.0
1.131774 -0.9563 1.0
1.259212 -0.888529 1.0
0.424662 -0.488869 0.0
-1.223645 -0.92463 1.0
0.82911 1.278767 1.0
-0.030653 -0.70822 0.0
-0.576255 -0.260902 0.0
-0.567377 0.641077 0.0
-1.491724 -0.849477 1.0
-0.042716 -0.479919 0.0
-0.587695 1.196028 0.0
1.237228 1.000801 1.0
-0.538858 -0.693077 1.0
-0.648897 1.044679 0.0
-0.175438 -1.117155 1.0
0.989891 0.775158 0.0
-0.298126 0.917185 0.0
0.587248 0.577845 0.0
1.388631 -0.073663 1.0
-0.328034 -0.702276 0.0
0.683995 0.046429 0.0
-1.100686 0.884905 1.0
0.188488 0.787901 0.0
-0.625301 -1.498772 1.0
0.226567 0.941293 0.0
-0.455373 1.012596 0.0
-0.168794 0.713924 0.0
0.813194 1.240312 1.0
-0.440683 -0.256878 0.0
1.334816 0.947533 1.0
1.284132 -1.016747 1.0
1.398873 -0.847552 1.0
0.673318 0.001726 0.0
0.859516 0.865591 0.0
-0.796583 -0.939388 1.0
-1.098246 -0.758282 1.0
0.889677 0.368959 0.0
-0.477193 -0.437335 0.0
-0.249736 0.74273 0.0
-1.459748 1.221833 1.0
-1.166097 -0.851876 1.0
0.974432 -1.283168 1.0
-1.334753 -0.872875 1.0
-0.764124 1.295378 1.0
1.31471 0.778808 1.0
-0.676491 -1.082751 1.0
1.072881 0.148695 1.0
0.393244 0.77419 0.0
-1.431325 -0.563194 1.0
0.702842 0.890175 0.0
0.720493 -0.778137 1.0
0.726051 -0.713072 1.0
-0.522717 -1.364565 1.0
0.586082 -0.902666 1.0
-0.717838 -0.278475 0.0
1.209205 -0.999686 1.0
1.068764 0.095661 1.0
-0.953439 -0.494319 1.0
0.729006 1.154976 0.0
0.811319 -0.303026 1.0
-0.940612 -0.239519 1.0
0.618552 -0.445379 0.0
-0.28858 -0.392493 0.0
-1.01198 -1.179974 1.0
0.532887 1.47655 1.0
1.362575 0.954212 1.0
1.279428 -0.095403 1.0
-0.789914 -0.441703 1.0
-1.008675 -0.814782 1.0
-1.396513 1.069323 1.0
-0.414494 -0.525404 0.0
-1.169401 -0.724591 1.0
1.456658 1.131417 1.0
1.418053 0.939915 1.0
-1.334442 0.669226 1.0
0.563099 0.324926 0.0
1.121401 1.0967 1.0
-1.114844 0.859392 1.0
0.389069 -0.792913 1.0
-0.134445 -0.014528 0.0
0.960679 1.318962 1.0
0.315491 0.234641 0.0
-0.372076 0.757429 0.0
0.57266 -0.885857 1.0
-0.455333 0.70894 0.0
-0.609048 -0.090258 0.0
0.445713 -0.752954 1.0
1.213136 1.212089 1.0
0.428074 1.344362 1.0
1.342558 -1.495578 1.0
-0.644888 1.12352 0.0
-0.113008 -0.855832 0.0
1.193229 -1.400304 1.0
-0.819647 -1.161435 1.0
-0.388074 -0.760105 1.0
-1.402515 0.172667 1.0
0.366225 -1.24098 1.0
-1.270231 0.66931 1.0
-0.945018 -0.480348 1.0
0.916131 1.105032 1.0
0.09745 -1.129914 1.0
-0.472745 -1.196582 1.0
-1.372076 -1.220042 1.0
0.012448 -1.46821 1.0
1.431072 -1.027837 1.0
-0.108073 -0.534672 0.0
-0.451133 0.547362 0.0
0.892895 0.198415 0.0
1.194598 -0.155852 1.0
-0.550563 1.396021 1.0
-0.580252 -1.420033 1.0
1.341164 1.258233 1.0
1.354003 1.330748 1.0
-0.835681 0.43114 0.0
-0.175007 0.697791 0.0
0.803445 -0.029651 0.0
-0.671567 -1.372409 1.0
-0.371289 -0.459174 0.0
1.332061 1.265283 1.0
1.039822 -0.899233 1.0
0.965073 1.072739 1.0
-0.344534 1.463244 1.0
1.420771 0.60239 1.0
-0.984418 1.280663 1.0
-0.448286 0.157986 0.0
-1.261282 0.308444 1.0
0.317032 0.220856 0.0
0.407276 -0.011046 0.0
0.026003 -0.519527 0.0
-0.391307 -0.834476 1.0
0.98088 0.113418 0.0
-0.991754 0.022087 0.0
0.498157 -1.366235 1.0
-0.805295 -0.615237 1.0
-1.218013 -1.181931 1.0
-0.419235 -0.143152 0.0
0.331628 0.020567 0.0
0.913299 0.624243 0.0
0.943544 0.773121 0.0
1.097952 -0.835989 1.0
-0.877884 -0.612386 1.0
-0.905618 0.45613 0.0
1.486596 0.102608 1.0
-0.195077 -0.313803 0.0
-0.109308 1.444989 1.0
0.492141 1.157358 0.0
0.4438 0.682408 0.0
0.873346 1.059202 0.0
0.354918 0.489596 0.0
1.457176 -0.22575 1.0
0.971823 1.226804 1.0
-0.446587 -1.290602 1.0
-0.254337 0.672532 0.0
-1.409114 0.320603 1.0
0.952622 -0.888158 1.0
0.29712 1.293303 1.0
1.161862 -0.241234 1.0
0.857435 -1.061171 1.0
0.597401 -1.170859 1.0
0.116355 0.984788 0.0
-1.160264 0.878258 1.0
-0.660958 -1.238042 1.0
0.631127 0.014622 0.0
0.788095 -0.108518 0.0
-0.54171 -1.401749 1.0
0.803042 1.295378 1.0
-0.278681 0.828234 0.0
0.510009 -0.336297 0.0
0.563743 1.281357 1.0
1.343651 -1.479362 1.0
0.575021 -0.416839 0.0
0.909086 0.667093 0.0
0.80536 0.240053 0.0
0.09925 1.165741 1.0
1.234919 -0.908025 1.0
0.750827 0.494799 0.0
-1.134888 1.415761 1.0
-0.267096 -0.837566 1.0
0.831676 0.92589 0.0
0.585857 -0.684418 1.0
0.236497 0.945201 0.0
0.210851 -0.917074 1.0
-0.722109 -1.174589 1.0
-0.662562 -0.382549 0.0
-1.13935 0.020103 1.0
0.5711 1.342472 1.0
0.810132 0.764286 0.0
0.300825 -0.199484 0.0
0.771454 -1.176553 1.0
0.98109 1.212199 1.0
-0.406941 0.8655 0.0
-1.046052 -0.861973 1.0
1.101094 0.77471 0.0
1.11746 1.057658 1.0
1.274712 1.39854 1.0
-0.016454 1.396157 1.0
1.476414 1.399484 1.0
1.450285 -0.98221 1.0
-0.240101 -1.492208 1.0
1.462166 1.165714 1.0
-0.023621 -1.37594 1.0
0.332107 -0.774711 1.0
1.338518 0.811196 1.0
0.336086 -0.243803 0.0
1.001825 1.272811 1.0
-0.836663 -0.663807 1.0
-1.103703 1.206832 1.0
0.637312 0.788475 0.0
0.363385 1.323989 1.0
0.697519 -1.239887 1.0
-1.093091 0.557516 0.0
0.519491 -1.007386 1.0
-0.288939 -0.774616 1.0
-1.003378 0.322743 0.0
-0.47847 0.308047 0.0
-0.6377 -1.112656 1.0
1.24056 0.413503 1.0
1.393963 1.147784 1.0
-0.544457 0.318382 0.0
-1.228489 0.284663 1.0
-0.857225 -0.001831 0.0
-0.094506 -0.182482 0.0
-1.280003 0.542747 1.0
-0.04102 -1.273785 1.0
0.44812 -1.095277 1.0
-0.257849 -0.101065 0.0
0.093077 1.220014 1.0
0.010137 -0.586676 0.0
-0.659687 -1.374179 1.0
-0.575024 -1.366445 1.0
-1.449985 1.312351 1.0
-0.410232 -0.049748 0.0
0.616089 -0.342553 0.0
0.996627 -0.582156 1.0
-0.960618 0.119112 0.0
-0.060203 -0.877066 0.0
0.193948 -1.266288 1.0
-0.99863 1.127578 1.0
1.049936 1.133129 1.0
1.380643 1.183104 1.0
1.075743 -1.288654 1.0
-0.250788 1.402012 1.0
-0.336043 0.013102 0.0
-0.969141 -0.05469 0.0
0.392437 -1.360835 1.0
0.843927 0.193094 0.0
-0.558664 -0.845676 1.0
1.215728 -0.446916 1.0
1.279228 0.837755 1.0
0.920039 0.559853 0.0
-1.168178 1.240326 1.0
1.127628 0.670213 0.0
-1.052768 1.040864 1.0
1.100535 -1.1857 1.0
1.102943 0.886181 1.0
-0.018305 -1.312124 1.0
0.385613 0.97436 0.0
1.02411 -1.071004 1.0
-0.845271 -0.904703 1.0
1.199478 -0.026618 1.0
-1.331947 -1.325011 1.0
-0.571651 0.479443 0.0
-0.871244 0.856553 0.0
0.652718 1.127641 0.0
0.608179 -1.05053 1.0
-0.807702 -0.626298 1.0
0.311465 1.351349 1.0
0.15788 0.891938 0.0
-0.925053 0.858206 0.0
0.736165 -1.488236 1.0
-0.663159 -0.491263 1.0
0.10047 0.852253 0.0
0.928309 -1.447282 1.0
-0.775488 0.870783 0.0
0.862601 0.049197 0.0
-0.352456 -0.114486 0.0
-0.714345 -0.45933 1.0
0.166673 1.329593 1.0
-0.213454 1.464766 1.0
0.549888 1.053897 0.0
1.475061 0.397582 1.0
1.192164 1.377774 1.0
-0.702028 0.126409 0.0
-1.065828 -0.098615 1.0
0.917332 -0.338414 1.0
-0.598479 0.934321 0.0
-1.497724 -0.750082 1.0
-0.05106 -0.261689 0.0
1.055333 0.314687 0.0
-0.961617 1.229209 1.0
-0.054486 -1.077881 1.0
1.174778 1.323086 1.0
-1.339578 0.658741 1.0
-0.724373 1.098062 0.0
1.322144 1.153473 1.0
-0.977131 -0.99243 1.0
1.160448 -1.478734 1.0
0.207119 0.741089 0.0
-0.492211 0.855978 0.0
0.512864 0.392615 0.0
-0.788645 0.675716 0.0
0.043051 -1.093564 1.0
-0.818925 0.896253 0.0
-0.691157 -1.236649 1.0
0.373127 1.07916 0.0
-0.11001 -0.397174 0.0
-1.174663 0.375982 1.0
-0.312265 -0.390413 0.0
-1.276587 0.438859 1.0
-1.243924 -0.89723 1.0
0.007896 1.375742 1.0
-0.345696 -0.99875 1.0
0.566853 -0.495739 0.0
-1.163667 1.236892 1.0
-0.880561 0.273208 0.0
1.097171 1.309896 1.0
1.231042 0.80713 1.0
0.704996 1.123766 0.0
0.173283 0.335839 0.0
-0.339181 -1.042569 1.0
0.869078 -1.491628 1.0
0.82333 -0.208818 0.0
-0.576197 -0.037438 0.0
1.261832 1.202039 1.0
-1.006326 -0.414482 1.0
1.442904 -1.03373 1.0
0.211413 1.439794 1.0
0.062453 0.235593 0.0
0.968073 -0.268507 1.0
-0.442761 -0.575262 0.0
-1.448564 -0.467502 1.0
-0.635587 -0.052449 0.0
0.419237 0.813815 0.0
0.291451 1.218228 1.0
-0.7638 -0.138786 0.0
-1.214143 -1.052544 1.0
-1.166093 -1.284303 1.0
-1.238996 -1.418788 1.0
1.477471 -0.510971 1.0
1.426603 0.935853 1.0
-1.425919 0.98091 1.0
0.497088 0.790122 0.0
-0.078726 -0.602486 0.0
1.344191 -0.509707 1.0
0.560425 -0.884734 1.0
-0.077059 -1.281236 1.0
0.592724 -1.440692 1.0
0.186728 1.080347 0.0
0.089032 0.559862 0.0
1.428652 0.571817 1.0
0.772093 -0.570101 1.0
-0.168349 -1.367723 1.0
0.098783 1.282486 1.0
0.05103 -0.806557 0.0
-1.319567 1.001399 1.0
-1.469365 1.057029 1.0
0.32553 -0.513485 0.0
0.801972 -1.391181 1.0
-1.462051 -0.390928 1.0
0.025974 1.400067 1.0
-0.67619 -0.663384 1.0
-1.307869 -1.193411 1.0
1.397372 0.600817 1.0
0.375479 -0.706408 1.0
0.236585 -0.559539 0.0
-0.047061 -1.472602 1.0
-0.56332 -0.808654 1.0
0.318568 0.29639 0.0
0.601655 1.339035 1.0
-0.103163 -0.755195 0.0
-0.573974 1.298148 1.0
-1.426561 0.571645 1.0
0.076518 0.814647 0.0
0.640043 1.31116 1.0
0.17578 0.127891 0.0
1.031688 0.781379 0.0
-0.147076 1.273387 1.0
-0.218513 -0.816032 1.0
-0.758967 0.401388 0.0
0.663047 0.835169 0.0
-0.404192 0.388989 0.0
0.021384 -1.454363 1.0
-0.583583 -0.157262 0.0
-0.421396 0.636684 0.0
1.364282 -1.010123 1.0
-0.904652 1.022796 0.0
0.486413 -1.156365 1.0
-1.444934 -1.329284 1.0
1.315358 1.407245 1.0
1.200868 -1.098358 1.0
0.502344 -1.201416 1.0
0.878983 0.986485 0.0
-1.248737 -0.706673 1.0
-0.046207 -0.014098 0.0
0.889987 1.17212 1.0
-0.852513 1.476283 1.0
-0.789877 -0.952595 1.0
0.700803 -1.362188 1.0
-0.850481 -1.423054 1.0
-1.178591 1.143059 1.0
1.461492 0.45153 1.0
-0.694569 -0.443251 1.0
0.323943 1.479229 1.0
1.089529 1.068776 1.0
-0.561599 1.388092 1.0
-0.24583 -1.061123 1.0
-0.451206 0.66019 0.0
-0.022766 -1.276085 1.0
0.851342 -0.248657 1.0
-0.737919 0.448283 0.0
-0.429833 -1.393961 1.0
0.557719 0.610598 0.0
0.829102 -0.938432 1.0
-0.291849 0.98654 0.0
0.930198 1.341528 1.0
-1.481536 -0.580857 1.0
0.134915 -0.929117 1.0
-1.413735 1.327318 1.0
0.858874 -0.807117 1.0
0.520032 0.207077 0.0
0.141454 -1.174271 1.0
-1.368136 0.833096 1.0
-0.559199 0.311896 0.0
-1.135581 0.468012 0.0
-0.187739 0.743507 0.0
-0.678037 -1.070065 1.0
-0.171919 -0.555945 0.0
-1.16393 -0.043432 1.0
0.376823 -0.011167 0.0
-0.123309 -0.995538 1.0
-0.697592 -1.399986 1.0
1.108323 -1.083588 1.0
0.439557 -1.116559 1.0
-0.187196 -0.809215 0.0
-1.337215 -1.356044 1.0
1.155466 1.423657 1.0
-1.355768 0.044089 1.0
-0.643305 -1.490465 1.0
0.719018 -0.035177 0.0
-0.367719 0.192528 0.0
-1.33364 0.279324 1.0
-1.372402 1.10575 1.0
-0.734661 0.410116 0.0
-1.315846 -1.143645 1.0
1.139332 -0.214345 1.0
-0.463785 -0.136835 0.0
-0.181185 -1.448297 1.0
1.201051 -1.142813 1.0
0.695031 -1.224237 1.0
0.418615 -0.315179 0.0
-1.185833 -1.055734 1.0
-0.66929 0.858691 0.0
0.862238 0.955056 0.0
-1.344566 0.248816 1.0
-1.308629 -1.076292 1.0
0.170057 0.251607 0.0
1.109508 -0.953269 1.0
0.042959 -1.103975 1.0
-0.499627 -0.318778 0.0
0.479317 -1.143958 1.0
0.944907 -1.397927 1.0
0.550026 -0.949643 1.0
-1.416281 -0.549614 1.0
-0.782952 1.150198 0.0
0.450573 0.946917 0.0
0.105201 -0.938158 1.0
-0.221 -1.472587 1.0
0.05842 -1.05181 1.0
0.306113 -0.46338 0.0
-0.002673 0.417872 0.0
1.246573 1.079312 1.0
-0.485036 0.832059 0.0
0.503189 1.189884 0.0
-0.617679 0.979824 0.0
1.230523 -1.302085 1.0
0.585089 1.130427 0.0
-0.354106 0.47986 0.0
-1.255402 -0.017671 1.0
0.518473 -1.030431 1.0
0.683453 0.14413 0.0
1.02442 0.099479 0.0
-1.485835 0.505702 1.0
1.482314 -1.179021 1.0
-0.525152 0.602055 0.0
0.085144 -0.964861 1.0
0.854703 0.110074 0.0
0.215227 -0.54257 0.0
0.752771 0.006878 0.0
0.528648 0.149893 0.0
-0.799784 1.331022 1.0
1.305803 1.258836 1.0
0.174695 0.640215 0.0
1.036312 -0.720397 1.0
0.302761 -0.538279 0.0
-1.15557 1.326254 1.0
0.93032 -0.03771 0.0
1.337189 0.309927 1.0
-0.146992 -0.611011 0.0
-0.582826 -0.198017 0.0
-0.053794 -0.406037 0.0
0.937666 0.859429 0.0
0.535589 1.482174 1.0
0.217192 1.333655 1.0
-0.668793 0.450949 0.0
-0.715157 -0.077775 0.0
0.872997 1.283074 1.0
0.724337 -0.236952 0.0
-0.325333 -0.302899 0.0
-1.201591 0.732267 1.0
-0.607444 0.501039 0.0
-0.146947 0.545231 0.0
0.712939 -0.310464 0.0
-0.244085 0.694904 0.0
0.961085 0.030731 0.0
1.175245 0.25758 1.0
0.003041 0.264412 0.0
-1.236305 -0.10973 1.0
-0.181957 -0.259549 0.0
1.450625 -1.447702 1.0
0.923179 -1.192136 1.0
-0.984333 -0.635098 1.0
0.749035 -1.239203 1.0
-1.458148 0.523616 1.0
0.877445 0.548275 0.0
-1.460863 0.18502 1.0
0.585072 0.324388 0.0
0.545519 1.26854 1.0
-0.096096 -1.223413 1.0
-0.669953 1.353102 1.0
0.731439 -1.244041 1.0
0.312339 -0.001441 0.0
-1.257542 0.24378 1.0
0.165376 0.03193 0.0
-0.06668 1.221354 1.0
-1.178896 -0.212096 1.0
-1.193824 0.301546 1.0
-0.552868 0.561034 0.0
-0.147384 0.44467 0.0
0.090146 -0.65687 0.0
-1.307475 -0.568213 1.0
0.392365 0.790568 0.0
1.354953 0.144507 1.0
-0.55574 0.723858 0.0
-0.972353 0.964189 0.0
1.384942 0.247379 1.0
0.646482 -0.297836 0.0
1.199089 1.446448 1.0
0.796595 0.254497 0.0
-0.060087 0.546571 0.0
-0.23636 -0.499634 0.0
0.274632 1.01058 0.0
-0.691772 1.146001 0.0
0.829343 1.069522 0.0
-0.837952 -0.217865 0.0
0.613091 0.772571 0.0
-0.406687 -0.946173 1.0
0.354095 1.370134 1.0
-0.145968 -0.851286 0.0
1.398278 0.382889 1.0
-0.252133 0.974561 0.0
-1.050556 -1.44601 1.0
0.682897 0.522598 0.0
1.064369 -0.165312 1.0
0.033985 1.210217 1.0
-1.334279 -0.780604 1.0
-0.194322 -1.21635 1.0
0.49298 -0.886997 1.0
0.257227 -0.860974 1.0
0.662801 0.621866 0.0
0.635601 0.058746 0.0
0.332034 1.371075 1.0
-0.54707 1.160193 0.0
-0.097538 -1.119045 1.0
-0.984579 -1.390177 1.0
-0.507109 -0.180529 0.0
-0.066649 -0.847589 0.0
-0.519646 -1.184854 1.0
-0.853722 -0.03859 0.0
0.652033 0.555797 0.0
0.075089 -1.114697 1.0
0.454083 -1.08381 1.0
0.466335 -0.871273 1.0
-0.220316 -1.227052 1.0
1.380563 0.517052 1.0
-0.482164 0.721014 0.0
-0.81046 -1.312621 1.0
0.385261 -0.753503 1.0
-0.826248 -1.111337 1.0
1.417295 0.426914 1.0
0.850149 -1.037248 1.0
-1.276384 1.280759 1.0
0.723562 0.118453 0.0
1.388619 -1.158943 1.0
1.174133 0.969644 1.0
1.325756 0.971702 1.0
-0.775048 -0.381329 1.0
-1.177996 0.922844 1.0
-0.333861 0.173804 0.0
-1.265844 1.060137 1.0
0.603806 -0.728125 1.0
-0.331787 -1.415781 1.0
1.394102 0.952611 1.0
-1.424054 1.397976 1.0
0.156812 -0.052698 0.0
1.146324 -0.73291 1.0
-0.241843 -1.478723 1.0
0.190558 -0.976256 1.0
-1.378702 0.362174 1.0
-0.464902 -1.295332 1.0
-1.459193 0.808711 1.0
0.603624 -0.148347 0.0
0.874426 -1.464837 1.0
-0.331974 -0.70793 0.0
-1.34393 0.30558 1.0
0.534147 0.73795 0.0
-1.459474 0.615883 1.0
-1.050305 0.613942 0.0
0.806705 0.387563 0.0
0.848085 0.898352 0.0
0.916299 1.044837 0.0
-0.781718 0.361577 0.0
-0.674065 -0.712734 1.0
0.924226 1.277236 1.0
-0.027859 1.406173 1.0
0.676464 -0.781258 1.0
0.852556 0.078269 0.0
1.180225 0.676547 1.0
0.978682 -0.774776 1.0
-0.072074 -0.055302 0.0
-0.511966 1.387556 1.0
1.249358 0.904923 1.0
-0.560511 0.672781 0.0
-1.351317 1.160599 1.0
1.258257 1.440803 1.0
0.036146 -0.280208 0.0
0.064008 -0.933437 1.0
1.124858 0.472892 0.0
1.17423 0.277908 1.0
-1.405085 0.217614 1.0
-0.815437 0.655143 0.0
-0.510592 -0.350615 0.0
0.872045 0.832993 0.0
0.251801 0.5924 0.0
-1.383994 0.325323 1.0
0.449591 1.353825 1.0
0.009389 -0.208485 0.0
1.325743 0.08261 1.0
0.295686 -1.069458 1.0
0.798208 -0.670107 1.0
-0.696771 -0.719625 1.0
0.860736 -1.28098 1.0
-1.336686 0.135668 1.0
-0.823327 -0.143797 0.0
-0.384047 -1.339997 1.0
-1.412898 -0.075864 1.0
1.351193 -0.161548 1.0
0.76782 0.450396 0.0
-0.11632 -0.743999 0.0
-0.673617 0.420863 0.0
-0.798185 -1.312166 1.0
-0.500989 0.911529 0.0
-0.949565 0.291515 0.0
-0.370918 0.772998 0.0
-0.326094 0.10661 0.0
-0.618107 1.035969 0.0
-0.739392 -1.06184 1.0
0.216405 0.335868 0.0
-0.610093 1.020247 0.0
0.549002 0.259742 0.0
1.165059 0.601954 1.0
1.271998 -0.63564 1.0
1.12438 0.065401 1.0
-1.449887 -0.963668 1.0
1.295636 0.484312 1.0
-0.54674 1.058076 0.0
-1.433702 -0.991909 1.0
-0.127347 0.977083 0.0
0.729068 -1.480792 1.0
0.76314 -0.569062 1.0
0.464985 0.719935 0.0
1.152648 -0.063529 1.0
-0.260901 -0.310354 0.0
1.106444 -0.160986 1.0
-0.380019 -0.758749 1.0
-0.325335 0.353036 0.0
-0.920974 -0.446142 1.0
0.095607 1.460162 1.0
1.226711 0.967022 1.0
-0.130568 0.107786 0.0
0.409228 1.108212 0.0
0.069729 0.603807 0.0
-0.112343 -0.225907 0.0
-0.907053 0.672301 0.0
-0.638128 -1.17826 1.0
-0.054435 -0.426947 0.0
-1.368932 -0.96889 1.0
0.083446 1.383308 1.0
0.720218 -0.535611 1.0
0.326296 1.31594 1.0
0.518817 0.953927 0.0
-0.305975 -0.636985 0.0
-1.41706 -0.913006 1.0
-0.0319 0.540897 0.0
-0.742321 -0.553318 1.0
-1.378938 0.222558 1.0
0.463115 -1.247717 1.0
-1.296551 0.681445 1.0
-0.13827 0.016606 0.0
1.058448 -1.466717 1.0
1.178951 -1.428658 1.0
-1.337711 -1.082564 1.0
-1.193137 -0.236325 1.0
-0.557886 -0.701439 1.0
1.449633 -0.993921 1.0
0.149417 -0.550077 0.0
-0.532228 1.23018 0.0
-1.286176 -0.931851 1.0
1.022483 0.251166 0.0
-0.601464 -0.233827 0.0
-0.075709 0.22984 0.0
0.179451 0.137638 0.0
1.049588 1.147503 1.0
0.161214 1.458344 1.0
-1.150169 1.020426 1.0
-1.283974 -1.093642 1.0
0.93739 0.157747 0.0
0.381994 -0.392476 0.0
-1.275992 0.299293 1.0
0.304912 -1.061207 1.0
-1.028265 0.523867 0.0
0.179067 -1.269681 1.0
-1.145357 0.002856 1.0
-0.587526 -0.354596 0.0
0.538453 0.446415 0.0
0.590127 -0.767179 1.0
0.510084 0.167506 0.0
1.444167 0.913003 1.0
1.413142 0.759767 1.0
-0.339007 -0.809007 1.0
0.075652 -0.827372 0.0
1.419788 -0.965091 1.0
-1.240242 1.492885 1.0
-0.171717 -0.443631 0.0
-0.348241 0.984129 0.0
-0.670413 -1.342867 1.0
1.350004 0.564035 1.0
1.426435 -0.285546 1.0
0.962403 -0.694252 1.0
0.938738 0.673292 0.0
-0.179393 0.74976 0.0
0.866616 0.884122 0.0
0.123331 0.790445 0.0
-1.163546 0.351655 1.0
0.403465 1.192191 0.0
-0.267087 0.911235 0.0
-1.439872 -1.16668 1.0
-0.908443 1.258585 1.0
1.401311 -1.203142 1.0
-0.631504 -0.661186 1.0
-0.096533 -1.117971 1.0
-1.032542 -0.191126 1.0
-0.622494 -0.239887 0.0
0.954837 1.134316 1.0
0.83321 -1.38367 1.0
-1.440127 -0.298455 1.0
-0.877655 0.528037 0.0
1.064504 -0.005267 1.0
-0.726649 0.585209 0.0
0.224618 0.162711 0.0
0.802624 1.19305 1.0
0.772047 -0.867151 1.0
0.313715 -1.077497 1.0
-1.389637 -0.821446 1.0
-0.966715 0.982377 0.0
0.284746 -0.761146 0.0
-1.211687 -0.70072 1.0
0.275935 -0.993636 1.0
-1.483188 0.80941 1.0
1.225534 -1.152719 1.0
0.72423 0.237736 0.0
0.511938 0.114263 0.0
0.070472 0.55364 0.0
-0.30717 1.25071 1.0
-1.135754 0.337838 1.0
-1.173192 0.536437 1.0
1.385278 0.825098 1.0
-0.802752 -0.457035 1.0
-0.461288 -0.976797 1.0
1.002839 0.498877 0.0
-1.428979 0.781056 1.0
1.477217 0.906229 1.0
0.148438 1.264762 1.0
-0.721988 -0.999776 1.0
-1.376354 1.181827 1.0
1.075856 0.501372 0.0
-0.35336 -0.913569 1.0
0.631778 0.015777 0.0
-1.446707 0.775694 1.0
0.05677 -1.301402 1.0
0.981986 0.399017 0.0
-0.179535 1.055297 0.0
-0.56168 -1.160821 1.0
-0.361281 -0.972333 1.0
0.462258 -0.396526 0.0
0.994011 1.456994 1.0
-0.686244 0.038849 0.0
-0.303381 -1.313121 1.0
-0.468945 0.98414 0.0
-1.34313 0.937507 1.0
-0.328085 -1.339293 1.0
1.254573 1.061353 1.0
-0.068491 -0.564035 0.0
0.473825 1.410868 1.0
-1.236204 0.884379 1.0
0.267179 0.19871 0.0
-0.007194 -1.365701 1.0
-0.469665 -1.456441 1.0
0.241883 -0.025691 0.0
0.893663 -0.113236 0.0
0.121827 0.386387 0.0
-0.229452 -1.423335 1.0
-0.037629 -0.276583 0.0
-1.189809 -0.313896 1.0
-0.129237 0.89415 0.0
0.473301 1.445284 1.0
0.100853 0.603693 0.0
-1.432514 -0.619034 1.0
-0.351335 -0.483296 0.0
1.336394 -0.049355 1.0
-0.891827 0.748982 0.0
0.798268 0.641904 0.0
1.472851 1.097535 1.0
1.175035 -0.697863 1.0
0.401523 0.759621 0.0
0.48506 -0.621847 1.0
0.754214 1.288659 1.0
-0.929873 0.559105 0.0
-0.043684 -0.290502 0.0
-0.778871 1.312661 1.0
-0.438544 -0.982439 1.0
0.573591 -0.653772 1.0
0.52094 -0.118391 0.0
-1.048595 -1.024284 1.0
-0.58041 1.035903 0.0
0.478111 1.451127 1.0
-0.276981 1.384886 1.0
1.399086 -1.039433 1.0
0.929789 0.181677 0.0
-1.235448 1.069697 1.0
-1.303544 0.817784 1.0
-0.595197 -1.38972 1.0
0.552416 0.209904 0.0
0.984095 -1.190648 1.0
-0.212899 0.008363 0.0
-0.85855 1.334188 1.0
0.310977 0.207835 0.0
-1.321424 0.068081 1.0
-1.431312 -0.831749 1.0
1.430992 1.42559 1.0
-0.825017 1.089869 0.0
0.962545 0.872154 0.0
-0.72172 -0.993906 1.0
-0.857647 0.418847 0.0
-1.322405 0.018837 1.0
0.384608 1.218837 0.0
-0.559607 1.413267 1.0
0.092197 0.541993 0.0
0.138869 0.634128 0.0
1.2551 -0.330861 1.0
-0.426571 0.014192 0.0
-0.788065 0.551416 0.0
1.358292 -1.200159 1.0
-0.47886 -0.457185 0.0
-1.339761 -0.43792 1.0
-0.862497 1.189426 1.0
0.577875 0.409312 0.0
0.927963 0.274944 0.0
1.421988 0.688563 1.0
0.076278 -0.696368 0.0
0.220177 1.340031 1.0
0.777381 1.269607 1.0
-1.129685 0.189806 1.0
-0.744887 -1.395345 1.0
0.151613 -0.150258 0.0
1.00915 0.552015 0.0
0.32706 0.657685 0.0
-0.897207 1.038429 0.0
1.067352 0.441718 0.0
-0.363386 -1.207276 1.0
0.019643 0.841823 0.0
-0.957394 1.031666 0.0
-0.174328 0.454578 0.0
-1.444777 0.071893 1.0
0.53264 0.359083 0.0
1.028892 0.015287 1.0
1.028472 -0.584963 1.0
0.513545 -1.052087 1.0
-1.123149 -0.600862 1.0
-0.365411 0.809836 0.0
-1.171739 -0.510571 1.0
-0.868439 0.757962 0.0
1.455485 0.371925 1.0
0.534967 0.317069 0.0
-0.095084 0.839982 0.0
-0.754259 0.520064 0.0
1.113341 -0.977213 1.0
0.356687 0.144764 0.0
0.317199 -0.272994 0.0
0.263587 -1.169091 1.0
-0.915899 0.882005 0.0
0.01679 0.316066 0.0
-0.497656 -1.088165 1.0
-0.605679 -0.419451 0.0
-1.03734 -1.079289 1.0
0.745962 -1.03891 1.0
0.321302 1.131591 0.0
0.250123 -1.280332 1.0
-0.357897 -1.280589 1.0
-0.159444 1.495758 1.0
0.911381 1.439864 1.0
0.839481 -0.800815 1.0
-1.100457 0.545225 0.0
0.881889 0.196617 0.0
1.32451 1.077762 1.0
0.697416 1.408463 1.0
1.195215 -0.772851 1.0
-1.340707 -0.39228 1.0
-0.972704 -0.56422 1.0
-0.807375 -1.359125 1.0
1.126714 1.297733 1.0
-1.036907 0.555661 0.0
-1.49033 0.526526 1.0
0.123211 -1.040068 1.0
1.207526 0.291361 1.0
-0.168198 -1.218692 1.0
0.577292 1.155584 0.0
0.523956 -1.443206 1.0
-1.015473 -0.058461 1.0
0.170233 -0.090706 0.0
0.321717 0.556386 0.0
0.743237 1.187815 0.0
0.130048 0.766003 0.0
-0.998907 -0.658718 1.0
1.319689 -1.43712 1.0
-0.117682 -0.753451 0.0
-0.40712 -0.323983 0.0
-1.442036 -0.407025 1.0
0.602068 0.220469 0.0
0.855574 0.78296 0.0
-0.243304 -0.512367 0.0
-0.825764 0.496737 0.0
-0.928851 -1.052151 1.0
-1.440317 -1.387296 1.0
-0.429494 0.992138 0.0
1.12011 1.402091 1.0
1.108137 -1.067277 1.0
-1.371001 0.216088 1.0
-0.383992 -0.624935 0.0
0.004385 1.326467 1.0
-0.390777 -0.071162 0.0
0.643937 0.906602 0.0
1.282349 0.142967 1.0
-0.573533 1.13716 0.0
-1.369716 0.554968 1.0
0.661497 1.224108 1.0
1.488094 0.26383 1.0
0.48491 0.958466 0.0
0.250447 -1.019376 1.0
0.690938 0.460062 0.0
1.401193 -0.611177 1.0
-1.417144 -0.600244 1.0
1.435664 -0.818233 1.0
-0.090903 -0.805564 0.0
0.387956 0.869852 0.0
1.232496 0.435488 1.0
0.886696 1.422494 1.0
1.327637 0.660098 1.0
0.354443 -1.046316 1.0
-0.445699 0.117631 0.0
-0.741191 1.33162 1.0
0.848047 -0.556794 1.0
0.483148 0.527412 0.0
0.585138 -0.245724 0.0
0.550609 -0.16681 0.0
0.234224 -1.061731 1.0
-0.223725 0.368066 0.0
0.821156 -0.889958 1.0
-0.197665 -0.195242 0.0
0.641034 -0.837944 1.0
0.373731 0.769192 0.0
-0.894639 0.106192 0.0
-1.039132 -1.058012 1.0
0.470239 -0.146176 0.0
0.893213 0.228064 0.0
0.464547 -0.729439 1.0
-0.413783 -0.370661 0.0
1.42555 1.372961 1.0
-0.290865 -1.012362 1.0
0.434817 -1.139823 1.0
-0.556962 -0.393327 0.0
-0.106234 -1.461404 1.0
-1.396064 0.695741 1.0
0.519245 -0.310698 0.0
1.272589 1.182041 1.0
-0.296408 0.219817 0.0
0.50452 -0.648448 1.0
-1.308157 -1.006436 1.0
-0.831802 -0.603537 1.0
0.856091 -0.918737 1.0
0.884951 -0.745936 1.0
1.484157 -0.425285 1.0
-0.678951 1.220012 1.0
0.6441 -0.02484 0.0
0.276241 -0.741389 0.0
0.48892 -0.784609 1.0
1.23308 0.501534 1.0
1.396472 -0.717426 1.0
0.640528 -1.04244 1.0
-1.394908 0.331093 1.0
-1.288324 -0.961871 1.0
-1.068127 -0.655943 1.0
0.307989 1.066067 0.0
-1.314354 0.182435 1.0
1.028083 -0.917907 1.0
0.088154 -0.674748 0.0
1.372506 1.048831 1.0
0.287475 1.32311 1.0
-0.130754 -0.584222 0.0
-0.262824 -0.559749 0.0
1.160835 -1.353821 1.0
-0.663826 0.061798 0.0
-0.11711 0.726063 0.0
1.362409 0.491875 1.0
-0.597929 0.835492 0.0
-0.00945 0.059758 0.0
-1.257814 0.185339 1.0
-0.632461 0.971762 0.0
0.720297 -1.147774 1.0
-0.320494 0.153573 0.0
-1.057957 -0.514218 1.0
-1.071846 1.293918 1.0
0.335551 0.701793 0.0
1.378862 0.8732 1.0
-1.121882 -0.691767 1.0
0.407902 1.336187 1.0
-0.476546 -0.854594 1.0
1.157222 -0.641253 1.0
0.787627 -1.234597 1.0
1.194687 0.102416 1.0
-0.61241 -0.358435 0.0
-1.151155 -0.524857 1.0
0.03372 1.499255 1.0
0.573553 -1.406301 1.0
-0.9154 -0.818594 1.0
-0.278508 -0.983028 1.0
0.169034 -0.556384 0.0
0.630495 -0.770818 1.0
-0.608225 -0.202583 0.0
-0.59618 -0.690648 1.0
0.474496 1.319033 1.0
-1.216803 -0.164894 1.0
0.761724 -0.607666 1.0
1.339045 0.520631 1.0
0.834185 0.598073 0.0
0.264497 -0.905592 1.0
0.657458 0.15248 0.0
-0.028034 1.065249 1.0
-0.019525 -0.852361 0.0
-0.37751 -1.24774 1.0
-0.148247 -0.998826 1.0
-1.1208 -0.723773 1.0
-0.381403 -1.298713 1.0
-0.794587 -0.744156 1.0
0.674853 -0.499882 1.0
-0.607079 0.569918 0.0
-0.828869 0.636685 0.0
0.965726 0.743386 0.0
-0.852423 0.044178 0.0
0.866403 -1.350109 1.0
0.042421 -0.585557 0.0
-1.121637 0.919116 1.0
0.394122 -0.598709 0.0
-1.367589 0.045874 1.0
-0.423158 0.82638 0.0
-0.574514 0.330566 0.0
-0.118557 0.503695 0.0
-0.402351 -0.495474 0.0
-0.915549 1.448145 1.0
-0.127489 -1.076577 1.0
-0.345568 1.386221 1.0
-0.296103 0.005064 0.0
-0.535565 -0.730728 1.0
-0.104117 1.442397 1.0
0.251691 -0.529185 0.0
0.230302 1.334351 1.0
0.232136 0.408311 0.0
-0.89909 0.024814 0.0
-0.76204 0.536085 0.0
1.256114 -1.166911 1.0
-0.509618 -0.823979 1.0
-0.714256 1.292725 1.0
-0.940121 0.182396 0.0
-0.388813 -0.212497 0.0
-1.239219 0.409602 1.0
-0.660164 0.481347 0.0
1.092347 0.285577 0.0
0.115027 0.169122 0.0
-1.473025 -0.951174 1.0
-0.057564 -0.783984 0.0
-1.475186 -0.082445 1.0
-1.236761 0.570646 1.0
1.304907 -1.244529 1.0
0.174935 0.766121 0.0
1.484826 -0.422642 1.0
-0.121748 1.392883 1.0
0.528298 1.069565 0.0
0.697539 -0.511506 1.0
0.298641 -0.637091 0.0
1.478173 1.230285 1.0
1.177443 -1.206491 1.0
-0.634916 0.698323 0.0
-0.091171 -1.325145 1.0
-0.634558 0.669434 0.0
-0.275572 0.163148 0.0
-0.196764 -0.799967 0.0
-0.412132 -0.74869 1.0
0.103388 0.011887 0.0
1.04003 1.48699 1.0
1.300039 0.902143 1.0
-0.199203 -1.009577 1.0
-0.96665 0.376674 0.0
-1.475202 0.422539 1.0
-0.871925 0.87074 0.0
-0.857233 1.044649 0.0
-0.732898 0.949718 0.0
0.653899 -0.468124 0.0
1.16657 0.627723 1.0
0.032341 -1.366454 1.0
0.340512 0.567147 0.0
-0.637368 1.105949 0.0
0.059581 0.220599 0.0
-0.001244 1.446511 1.0
-1.024244 0.001005 1.0
1.415425 0.302504 1.0
0.825893 1.175142 1.0
-0.567328 0.390505 0.0
-1.093601 -0.878618 1.0
0.125398 -0.067936 0.0
-1.178311 -0.410856 1.0
0.623795 -0.435485 0.0
0.428892 1.357433 1.0
1.426799 0.864555 1.0
-0.513293 -1.13574 1.0
-1.290893 -0.765447 1.0
-0.954887 0.627589 0.0
0.327995 0.708494 0.0
-1.088755 -1.33555 1.0
1.157674 -0.57966 1.0
0.880606 -0.003119 0.0
-0.621097 -0.152872 0.0
0.116504 0.500095 0.0
0.075754 0.555332 0.0
0.625916 -0.296429 0.0
0.037379 -0.946447 1.0
-0.718879 -1.44949 1.0
-0.114734 -0.807508 0.0
0.212803 -1.345938 1.0
0.40868 0.795632 0.0
0.602588 0.442984 0.0
-0.54089 -0.034703 0.0
-1.09904 -0.209649 1.0
-0.278492 1.152443 0.0
-0.925113 -0.748412 1.0
-0.821064 -0.147084 0.0
-0.305713 -1.102604 1.0
0.918052 -1.206622 1.0
-0.99899 0.275493 0.0
0.67447 -1.07547 1.0
1.13571 0.359225 1.0
0.125358 -0.531716 0.0
-0.318268 -1.445315 1.0
0.811194 -0.956872 1.0
-0.010384 -1.228946 1.0
-1.402634 1.474929 1.0
0.747956 -0.388535 1.0
-0.309301 -0.074424 0.0
-0.418624 -0.644335 0.0
1.135791 1.101728 1.0
-0.571358 -1.018939 1.0
-0.384608 0.204707 0.0
0.845497 0.983117 0.0
1.471074 -0.939502 1.0
1.304215 -0.303205 1.0
-1.34648 0.757652 1.0
0.400492 1.18704 0.0
0.401575 1.23268 1.0
-1.118177 0.003088 1.0
-0.983792 -1.167725 1.0
-0.794895 -0.324146 1.0
-1.411891 -1.323595 1.0
1.207649 -0.265828 1.0
0.952597 -0.058971 0.0
-1.002049 1.100362 1.0
0.294729 -0.613885 0.0
0.945983 0.04833 0.0
1.257297 -0.335466 1.0
1.150719 -0.544357 1.0
-1.240342 0.444802 1.0
-0.365645 -0.859346 1.0
0.245106 -0.235492 0.0
0.392645 -0.467797 0.0
0.819752 -1.157688 1.0
0.9793 1.195708 1.0
-1.045745 -1.219399 1.0
0.69507 0.877258 0.0
1.094727 -0.642578 1.0
-1.225068 -1.068348 1.0
0.040775 0.422701 0.0
1.29861 -0.124391 1.0
0.665471 0.905391 0.0
0.931865 1.205662 1.0
-0.174753 1.357789 1.0
0.610066 -0.339201 0.0
-0.30583 0.683953 0.0
-0.365654 -0.247948 0.0
1.013267 -0.016281 1.0
-1.31276 -0.161044 1.0
1.218667 -0.200465 1.0
1.0391 -1.493097 1.0
-1.055175 -0.591083 1.0
0.34005 1.379163 1.0
-0.266088 -0.527588 0.0
-0.17507 0.278073 0.0
-1.124055 1.020871 1.0
-0.728976 -0.8504 1.0
-1.058451 -0.488679 1.0
1.07235 1.213028 1.0
-0.788709 -1.492917 1.0
-0.669886 -1.468769 1.0
0.19053 0.963453 0.0
-1.276865 0.24828 1.0
-1.211049 -1.410253 1.0
-0.418204 -0.333181 0.0
-1.062836 -0.411819 1.0
1.499313 1.092598 1.0
0.746412 0.142311 0.0
0.586435 0.909282 0.0
-0.576012 0.981177 0.0
-0.247164 -0.271031 0.0
0.432355 1.156677 0.0
0.967276 1.232245 1.0
-0.778264 1.438799 1.0
-0.154228 0.753758 0.0
1.373046 0.830794 1.0
-1.403664 0.124401 1.0
-0.819046 -0.117775 0.0
-0.451725 0.650716 0.0
-0.483885 1.331408 1.0
-0.37081 0.061187 0.0
0.644112 -0.160984 0.0
0.88978 1.389236 1.0
1.346021 0.35557 1.0
-1.218569 -1.250704 1.0
-0.611443 -0.654214 1.0
-0.127791 -1.498189 1.0
-0.387231 1.120148 0.0
0.581713 1.168229 0.0
-0.300321 -1.415995 1.0
0.175537 -0.24961 0.0
-1.273365 0.244783 1.0
0.788043 -0.282128 0.0
-0.324195 0.627135 0.0
-1.148993 1.226089 1.0
1.011631 -1.042745 1.0
-0.75636 -0.805926 1.0
1.374848 -0.784181 1.0
-1.364726 -0.617983 1.0
1.056777 -0.976709 1.0
-0.676477 -0.610787 1.0
-1.201989 0.178382 1.0
0.188228 -0.056414 0.0
0.081139 0.30951 0.0
0.926221 -0.64524 1.0
1.109737 -1.104743 1.0
0.385315 -0.834287 1.0
0.806517 -1.388197 1.0
1.429763 0.325806 1.0
-0.049737 0.665585 0.0
0.785429 -0.738772 1.0
-1.457909 0.566493 1.0
1.201613 -1.064411 1.0
-1.260978 1.018497 1.0
0.331015 -1.161636 1.0
0.461271 -0.57107 0.0
0.052658 -0.823795 0.0
-1.240222 0.84958 1.0
0.168173 0.554822 0.0
-1.074649 1.156536 1.0
0.888888 -0.845253 1.0
-0.126493 -1.433011 1.0
0.582893 -1.01444 1.0
-1.340631 -0.867157 1.0
-0.505455 1.330687 1.0
-0.673546 0.401239 0.0
-1.424453 -0.840727 1.0
0.659305 -0.622898 1.0
0.48583 0.907486 0.0
-0.463935 0.242143 0.0
0.271989 1.18177 0.0
-1.398709 -0.41404 1.0
1.39981 -1.346301 1.0
-0.584432 -0.845916 1.0
0.282995 0.687634 0.0
-0.884501 1.1553 1.0
-0.925689 1.023898 0.0
-1.11121 -0.978881 1.0
0.481062 -0.962151 1.0
