0.796629 -0.641548 1.0
1.404017 0.765873 1.0
-0.556115 0.112982 0.0
1.424434 0.732921 1.0
0.301068 0.992655 0.0
-1.299752 1.328882 1.0
0.736251 0.628714 0.0
0.455464 -1.46808 1.0
-0.911638 -1.263221 1.0
-0.021731 -0.31423 0.0
0.109536 1.260702 1.0
0.274017 -1.417449 1.0
-0.810732 -1.182973 1.0
1.083022 -1.354029 1.0
1.025803 0.139466 0.0
1.21207 -0.374446 1.0
0.18382 0.924495 0.0
0.170665 -0.327961 0.0
1.398393 -0.436738 1.0
-0.310966 0.618312 0.0
1.317073 -0.136131 1.0
-1.393491 1.37931 1.0
0.046292 0.997654 0.0
-0.508042 0.775396 0.0
-0.831903 0.52271 0.0
-0.056842 -1.391861 1.0
1.204234 -0.768692 1.0
-0.809096 -0.481905 1.0
-0.345932 -0.87945 1.0
0.124091 0.29108 0.0
-1.234174 0.727818 1.0
-1.483808 1.191751 1.0
