0.796629 -0.641548 1.0
1.404017 0.765873 1.0
-0.556115 0.112982 0.0
1.424434 0.732921 1.0
0.301068 0.992655 0.0
-1.299752 1.328882 1.0
0.736251 0.628714 0.0
0.455464 -1.46808 1.0
-0.911638 -1.263221 1.0
-0.021731 -0.31423 0.0
0.109536 1.260702 1.0
0.274017 -1.417449 1.0
-0.810732 -1.182973 1.0
1.083022 -1.354029 1.0
1.025803 0.139466 0.0
1.21207 -0.374446 1.0
0.18382 0.924495 0.0
0.170665 -0.327961 0.0
1.398393 -0.436738 1.0
-0.310966 0.618312 0.0
1.317073 -0.136131 1.0
-1.393491 1.37931 1.0
0.046292 0.997654 0.0
-0.508042 0.775396 0.0
-0.831903 0.52271 0.0
-0.056842 -1.391861 1.0
1.204234 -0.768692 1.0
-0.809096 -0.481905 1.0
-0.345932 -0.87945 1.0
0.124091 0.29108 0.0
-1.234174 0.727818 1.0
-1.483808 1.191751 1.0
-0.107379 -0.725204 0.0
-0.212039 -0.650215 0.0
-0.273945 1.224488 1.0
-0.408622 0.981359 0.0
-0.173013 1.225858 1.0
-0.009956 -0.764897 0.0
-0.191613 -1.171586 1.0
1.45757 0.844099 1.0
0.15745 0.568412 0.0
0.037313 0.316182 0.0
-0.088258 1.274014 1.0
0.613486 1.132706 0.0
-0.319721 0.032118 0.0
0.003199 -1.073785 1.0
0.017836 -0.145818 0.0
-0.648704 -1.456994 1.0
-0.398085 0.797886 0.0
-1.134038 0.918759 1.0
-1.274232 0.279213 1.0
0.911663 -1.004807 1.0
0.56651 -0.114487 0.0
0.397328 -1.284248 1.0
0.483196 1.134299 0.0
0.120275 0.824578 0.0
1.165676 -1.441928 1.0
-1.235135 0.152229 1.0
-0.510878 -0.753934 1.0
0.69647 -1.293482 1.0
0.628508 1.321319 1.0
-0.278537 -1.304444 1.0
0.20011 1.306203 1.0
0.986687 0.914968 0.0
-0.670333 -0.362541 0.0
-0.780578 -0.666285 1.0
0.740022 -0.376061 0.0
0.745646 0.616104 0.0
-0.446945 0.891264 0.0
1.336036 -1.147882 1.0
1.171285 0.812138 1.0
0.21747 0.127128 0.0
-0.850144 0.253663 0.0
-1.048179 1.033345 1.0
0.666649 0.200131 0.0
-1.066828 -0.955292 1.0
0.973868 1.353975 1.0
-0.60866 0.248001 0.0
1.323425 0.360355 1.0
-0.008648 0.803003 0.0
0.673041 1.127788 0.0
1.034588 -0.77059 1.0
1.295707 -0.133672 1.0
1.082365 -1.264083 1.0
-0.895989 -0.671818 1.0
0.098449 0.543394 0.0
0.281388 0.350797 0.0
-0.631026 1.19601 0.0
0.751764 0.656277 0.0
1.371383 -0.64455 1.0
1.421011 -0.523106 1.0
0.35521 -0.986489 1.0
0.226634 -1.477342 1.0
-0.783654 1.148376 0.0
0.043953 0.7395 0.0
-0.103222 1.427785 1.0
0.799842 -0.912032 1.0
0.322246 1.290545 1.0
-0.626178 1.485917 1.0
0.194649 -0.36857 0.0
-0.926608 -0.262556 1.0
0.481435 1.310034 1.0
0.534392 1.169114 0.0
1.102732 -0.303444 1.0
1.448356 0.339531 1.0
0.5221 -1.21489 1.0
1.215443 1.459246 1.0
0.642985 1.302832 1.0
0.447026 -0.349402 0.0
1.31784 -1.2411 1.0
-0.443898 0.8496 0.0
-0.080767 0.341658 0.0
1.166682 1.371569 1.0
-1.185313 1.489212 1.0
0.924679 1.385112 1.0
0.406305 1.48993 1.0
1.286131 0.797785 1.0
-1.430297 0.324605 1.0
-1.314939 1.046564 1.0
0.539026 1.462607 1.0
1.08035 -0.480707 1.0
1.325693 -0.464261 1.0
-1.071177 -0.606909 1.0
1.092132 -1.045581 1.0
0.800417 -0.598047 1.0
-0.731691 -0.146698 0.0
-1.496801 -0.377683 1.0
0.414429 0.311267 0.0
-0.017153 0.468767 0.0
-0.918926 -0.912438 1.0
-1.004182 -0.645224 1.0
0.869907 1.035199 0.0
-0.05798 1.016043 0.0
0.563961 0.464354 0.0
0.445922 -0.884362 1.0
0.469796 0.968608 0.0
0.374209 -0.718504 1.0
0.936981 -0.361011 1.0
-1.183044 0.247183 1.0
-1.020611 0.071188 0.0
1.098132 0.591969 0.0
-1.15975 -1.167383 1.0
-1.328524 0.96289 1.0
1.140606 -0.324108 1.0
0.673904 1.28421 1.0
1.477373 0.157646 1.0
-0.395597 -0.421304 0.0
0.460744 -0.778662 1.0
0.704956 1.241321 1.0
0.641516 0.22941 0.0
1.032036 0.436399 0.0
-0.82302 1.063222 0.0
-0.37075 -0.783689 1.0
-0.178387 0.168362 0.0
-1.470051 0.746045 1.0
-0.854747 -0.846815 1.0
0.117312 -1.318815 1.0
-0.771413 0.887208 0.0
1.319767 1.141272 1.0
0.562808 -1.30034 1.0
0.223198 -0.645347 0.0
-1.166257 -0.5716 1.0
0.579185 0.285695 0.0
1.30349 -0.805217 1.0
1.189907 -0.338219 1.0
1.091467 -1.301871 1.0
1.443067 -1.446788 1.0
0.867954 1.288264 1.0
-0.707485 -1.312478 1.0
0.714919 -1.323679 1.0
-0.012896 0.110629 0.0
-0.524129 0.016959 0.0
-0.239292 -0.990541 1.0
-1.491062 0.562989 1.0
1.014542 -0.281487 1.0
-1.036431 -1.436693 1.0
-0.182147 1.245509 1.0
1.419223 -0.094319 1.0
-1.329598 1.433333 1.0
0.204716 -0.281418 0.0
-1.436305 0.160554 1.0
1.069044 -1.492441 1.0
-0.458933 0.533 0.0
-0.599814 0.037739 0.0
0.421784 0.928099 0.0
0.534445 0.466005 0.0
0.282589 0.706094 0.0
-0.539079 0.561543 0.0
-0.365588 -0.967594 1.0
-0.212799 0.76674 0.0
0.293563 0.799292 0.0
1.49381 -0.234546 1.0
0.918451 0.183891 0.0
0.124457 1.36458 1.0
0.808171 -1.094525 1.0
0.813938 0.104241 0.0
-0.484071 0.834038 0.0
-1.101866 1.293919 1.0
-1.319151 -0.655057 1.0
-1.105611 1.331251 1.0
1.224706 -0.774023 1.0
0.488467 -1.492956 1.0
-0.203883 1.496034 1.0
1.212191 0.908998 1.0
-0.176877 1.110511 0.0
0.625858 -0.353578 0.0
-1.119642 -1.139075 1.0
1.149268 0.449645 1.0
-0.39234 -1.23759 1.0
0.138281 -0.300862 0.0
-0.727401 0.706489 0.0
0.298398 -0.516475 0.0
-1.337835 -0.681186 1.0
-0.001304 -0.115536 0.0
-0.468288 -0.82105 1.0
-0.87173 -1.480909 1.0
1.143683 -0.944996 1.0
-0.580807 1.231492 0.0
0.380514 -1.317743 1.0
-0.742087 -0.402896 1.0
-0.833853 1.404602 1.0
0.937223 1.394816 1.0
-0.773835 -1.358316 1.0
-0.464349 1.278156 1.0
0.991401 -0.482186 1.0
-0.793619 -0.7009 1.0
-1.281421 -0.900483 1.0
1.282609 -0.547999 1.0
0.233894 -0.42451 0.0
0.153935 0.233141 0.0
-0.883024 0.3634 0.0
-0.836701 1.294753 1.0
0.422416 -0.875963 1.0
-0.572932 -0.685103 1.0
0.536908 -0.906973 1.0
-1.235901 -0.509079 1.0
-0.180455 0.351534 0.0
-1.217343 0.006951 1.0
0.089621 -1.102686 1.0
1.43704 1.251278 1.0
-0.640327 0.192405 0.0
1.212103 -0.461201 1.0
1.004608 -1.131675 1.0
1.290059 -0.708432 1.0
0.539307 -1.039661 1.0
0.91545 0.725218 0.0
1.171517 -0.113625 1.0
0.421885 1.276388 1.0
-1.169681 1.114483 1.0
-0.31762 0.302334 0.0
0.588431 -0.071212 0.0
-0.036569 0.808274 0.0
-1.28629 1.326626 1.0
-1.418151 -1.315203 1.0
0.596409 1.381032 1.0
-0.628837 -0.679065 1.0
0.918432 1.1047 1.0
0.263026 -1.47978 1.0
0.144219 -0.297475 0.0
1.40235 -0.812571 1.0
-1.073212 -1.243303 1.0
0.310463 -0.685009 0.0
1.06032 -1.027921 1.0
0.571174 0.508086 0.0
-0.934408 1.363118 1.0
1.366541 0.758013 1.0
1.000167 1.294455 1.0
-1.040539 0.090451 0.0
-0.364072 1.482485 1.0
1.240147 0.727122 1.0
0.912426 0.228742 0.0
-0.954054 0.671102 0.0
1.012304 -1.075696 1.0
-1.168417 0.002755 1.0
1.013339 0.477989 0.0
-0.623956 1.461417 1.0
0.259899 -0.426157 0.0
0.260308 -0.78042 0.0
-0.451703 -1.004965 1.0
-1.099009 1.497524 1.0
-1.452092 -0.015273 1.0
-1.485148 -1.150343 1.0
1.447784 -1.123489 1.0
-0.990108 -0.023176 1.0
-1.240086 -0.614589 1.0
-1.360632 0.048961 1.0
0.834093 0.278793 0.0
0.631002 -0.213273 0.0
0.251535 1.072992 0.0
0.83758 1.234938 1.0
0.887935 1.156962 1.0
0.938511 0.137639 0.0
-0.24949 -0.376993 0.0
-0.214814 0.778527 0.0
-0.54173 1.390946 1.0
1.249325 0.832856 1.0
0.02571 -0.132993 0.0
0.440833 0.395719 0.0
0.470198 -0.410405 0.0
-0.650866 -0.998642 1.0
0.940832 0.620093 0.0
-1.006651 0.059254 0.0
1.311221 1.211713 1.0
1.44881 1.479434 1.0
1.200928 -1.060463 1.0
0.547583 -1.094928 1.0
-0.562031 -0.095686 0.0
0.268682 -0.456981 0.0
-1.240092 0.816161 1.0
-1.033546 0.268359 0.0
-0.318799 -0.346127 0.0
-0.946936 -0.231635 1.0
0.923185 -1.386133 1.0
-0.142156 0.769466 0.0
-1.054416 0.701595 0.0
0.261109 0.05597 0.0
-0.085263 -0.709021 0.0
-0.098112 1.071715 0.0
-1.442221 -0.134207 1.0
0.38573 1.134577 0.0
-1.354011 0.06749 1.0
-1.268753 0.046205 1.0
0.373115 0.331531 0.0
0.593998 -0.992705 1.0
-0.908115 0.449964 0.0
0.269334 1.199557 1.0
-0.622057 0.248244 0.0
0.624848 -0.926952 1.0
-1.141335 -0.733745 1.0
0.035856 1.162292 1.0
0.125106 1.34919 1.0
0.169974 1.466065 1.0
-1.180097 -0.640408 1.0
0.317522 0.257249 0.0
1.150869 -0.278006 1.0
-0.003833 1.006373 0.0
0.021474 0.941469 0.0
-1.320248 1.197114 1.0
-0.486923 1.220548 0.0
0.350018 -0.792982 1.0
-1.231584 0.358981 1.0
0.000838 0.219717 0.0
1.285521 0.142517 1.0
-0.341375 0.241418 0.0
-1.380724 1.397168 1.0
-0.514335 1.476794 1.0
0.685754 0.714501 0.0
-1.430194 -0.759277 1.0
0.637799 -0.529756 1.0
-0.680578 -0.439898 0.0
-0.985647 1.424684 1.0
0.559083 -0.711473 1.0
0.660209 -0.35442 0.0
-0.410234 -0.365071 0.0
0.090334 0.792832 0.0
1.175951 -1.242105 1.0
-0.07442 0.060225 0.0
0.319014 0.458772 0.0
-1.457575 -1.385173 1.0
0.152742 0.175978 0.0
-0.222066 1.168031 0.0
0.240192 1.245005 1.0
0.615826 -0.450703 0.0
0.615508 -0.71026 1.0
0.003965 -0.604822 0.0
0.872224 -0.19636 0.0
0.442524 -1.207606 1.0
-1.390078 1.498374 1.0
0.034401 -0.694783 0.0
-1.362503 -1.087547 1.0
-0.18325 0.741024 0.0
-0.7342 0.874111 0.0
0.218164 0.318633 0.0
0.18367 1.024275 0.0
-1.402392 0.503879 1.0
1.237618 0.881096 1.0
-1.375647 -0.772963 1.0
-1.360694 -0.717087 1.0
-1.35871 1.319685 1.0
0.467219 0.740765 0.0
-0.949417 0.532016 0.0
0.683521 0.674824 0.0
1.203637 1.098508 1.0
-0.686706 1.210692 0.0
1.40548 0.632277 1.0
0.979622 -0.983935 1.0
0.050371 -0.984351 1.0
0.287429 -1.150543 1.0
-0.978599 0.723739 0.0
-0.422512 -0.98319 1.0
-0.100887 0.695787 0.0
0.920327 -0.02846 0.0
0.258292 0.387348 0.0
-0.946136 0.779018 0.0
-1.447283 -1.191913 1.0
-0.296628 0.174578 0.0
1.139704 0.502588 1.0
-1.493574 1.090238 1.0
-1.000479 -0.541202 1.0
1.029785 -0.88915 1.0
0.868018 0.472819 0.0
-1.422796 -1.260125 1.0
1.446884 0.887412 1.0
0.163245 -0.759475 0.0
-0.289421 -1.496795 1.0
-0.94352 -1.462731 1.0
-0.256607 -1.207468 1.0
-1.259353 1.362926 1.0
0.847937 0.171754 0.0
-0.42965 -1.361281 1.0
0.556983 1.151095 0.0
-1.330483 -0.440819 1.0
1.493761 -0.753345 1.0
0.960641 0.846412 0.0
1.02947 -0.138928 1.0
1.158592 0.964315 1.0
-0.649812 0.975706 0.0
-0.175832 0.511538 0.0
-1.071793 1.432679 1.0
-0.997618 -0.607343 1.0
-0.539002 0.392231 0.0
-0.459384 0.023319 0.0
-1.491509 -1.449888 1.0
0.313583 0.513641 0.0
-0.748851 0.168657 0.0
-0.724072 -0.24374 0.0
0.743528 0.655807 0.0
0.310829 0.876557 0.0
0.587074 1.347029 1.0
-0.9514 -1.146022 1.0
0.954473 -0.874037 1.0
-0.002166 0.190796 0.0
0.125886 0.524121 0.0
0.899746 0.483245 0.0
0.982898 0.38442 0.0
-0.527709 -0.83047 1.0
1.254951 -1.354094 1.0
-0.974007 0.086489 0.0
-0.358976 -0.190139 0.0
-0.559229 -0.746387 1.0
1.030303 -0.049197 1.0
-0.079412 0.620235 0.0
0.619287 -0.513233 1.0
0.96706 -1.18029 1.0
1.308934 0.203842 1.0
0.855846 0.642524 0.0
0.796323 -0.679702 1.0
-0.54854 0.242491 0.0
-0.375403 0.245163 0.0
-0.480861 -0.830568 1.0
0.130019 1.160777 1.0
1.427455 -1.07333 1.0
-0.493649 1.137461 0.0
-0.50386 0.038912 0.0
-0.279111 -0.321788 0.0
-0.723295 0.678143 0.0
0.6925 -0.691805 1.0
-0.186018 1.012804 0.0
-0.408257 1.427208 1.0
-0.082275 0.476817 0.0
0.492965 -0.955107 1.0
1.126597 -0.624031 1.0
-1.444241 0.683295 1.0
-0.593396 0.444745 0.0
-0.137169 0.022462 0.0
0.467113 1.066674 0.0
1.4885 -0.360414 1.0
0.039679 -1.31876 1.0
1.267898 0.915989 1.0
0.012985 -0.292409 0.0
-1.251034 -0.016883 1.0
-1.141827 0.969423 1.0
-0.105237 0.199453 0.0
0.599964 -0.979233 1.0
-1.169934 0.129282 1.0
-0.944879 0.826437 0.0
-0.661056 -1.175402 1.0
0.081443 -0.295346 0.0
0.110532 1.34624 1.0
0.932283 -0.288398 1.0
0.416687 0.614401 0.0
-0.419243 0.260107 0.0
-0.391753 -1.02127 1.0
1.408251 -0.55017 1.0
-0.398129 0.618406 0.0
-0.877873 1.062614 0.0
1.26667 0.442425 1.0
1.439145 1.198946 1.0
0.217031 -0.889478 1.0
-0.886924 -1.213884 1.0
0.83101 0.140324 0.0
-0.304088 0.512874 0.0
0.932512 -0.557172 1.0
1.364525 0.355859 1.0
-1.281123 0.635634 1.0
0.958583 -0.693061 1.0
0.764306 1.420187 1.0
-0.947582 -0.352028 1.0
1.050777 1.32928 1.0
-0.627789 -0.900273 1.0
-1.438233 -0.419016 1.0
1.307274 0.064631 1.0
-1.078261 1.083513 1.0
-1.382526 1.070254 1.0
-0.521141 0.381873 0.0
-1.0822 1.45109 1.0
0.71112 -0.831376 1.0
-0.019518 -1.487422 1.0
-0.886842 0.962918 0.0
1.340546 0.054416 1.0
0.438179 0.89142 0.0
0.592329 -0.762925 1.0
