1.7506806226707217 -3.40807665013699 -0.9962525887786784
3.541557881305114 0.378098487515522 -0.7019015706379845
2.0242027412574606 1.3643959016535792 -0.24450192057510617
2.136251980995702 -2.5559133625097155 -0.4074512408935272
1.1244634607795252 0.6769915177229552 0.9735160260320859
2.840529948900666 -0.16636649769363848 0.45059274971086316
3.3165965318694672 1.7849124776866687 -0.9252432564277767
1.884863095768996 -1.9609974952011915 -0.07606086924708788
1.4815420608772127 -0.5366653059248916 0.8104247377234829
1.0773976518290702 3.0679397679500204 -0.8434883858039015
0.5577415200938027 -0.735353761515541 -0.17667988408240742
1.9422875913650177 3.7214263080711656 -0.5806048695338866
2.92309668235587 -1.1082102489478347 0.9703576237468322
3.824616607546918 -2.9673802296477625 0.7560365805340213
0.5260016567709638 0.3306036450773391 0.7556233722065518
3.7269327540148884 -0.7994245728320287 0.21245289016614757
2.179395799471105 1.0457526443708112 -0.08345859908473714
2.286278085641463 -1.177087782917452 0.8953383508861981
3.214227979960801 -0.0625767857018933 -0.010058371059103993
0.34555899161209913 -0.8496503220675867 -0.48301199630721825
0.7081026125766878 -1.5861036607254517 -0.7694637054259856
0.8742932756544044 -1.5354023526096499 -0.6139926368899176
2.946282295899972 3.4238369851528248 0.08682451442976098
1.5073388134572347 1.920370894180149 -0.28222926959028577
0.18167745864184592 -0.6413367089509626 -0.4436427515863962
1.2152559519035755 -1.1656580311277047 0.04957758851169151
0.2827728447796418 1.1959591264845866 0.9957650697063698
2.3603585350780585 -1.0498806275333048 0.9663080697478015
3.0413661997034303 -1.1258951254152556 0.9411854021438074
2.6702269804210728 -3.1037191910634867 -0.42004255386308853
0.06057519444202342 0.18765017052509836 0.24568410465150026
1.8143596000881304 0.798362787178841 0.5045582766021152
1.4559352250392248 -3.8195484400382314 -0.701841540089791
0.02935592848231172 2.7877246133577183 0.3188464002172735
0.16337485550979514 1.908536566224157 0.8770474114002766
2.7974554026468024 -1.1961604823119611 0.9995349539451521
0.7439447323339103 0.9622639274373233 0.9908457509468271
3.749914441276195 2.341297039089216 -0.1907968321125247
3.0270327089543305 -2.8662218370389914 0.1601186690277529
0.6577969228488918 0.1715485481187338 0.7374894872953506
3.2062826244481197 2.776933252693809 -0.29549100192276256
3.433080687011003 -4.056771565851443 -0.5840351228950793
3.235923068106276 1.8941311877766642 -0.914038459173323
2.105849764404741 2.3887757566949683 -0.9763830875866344
1.2170881358174608 -0.5855857661776311 0.590358048598759
1.7015946718647923 0.6798833284519678 0.6890045454033484
1.890476735312094 1.0192247499182838 0.2298184818337254
2.8543702667988415 2.6113579868847974 -0.729408615558491
2.821570926294297 0.18520998414650405 0.1344037646591943
2.924167954560105 3.523202087615429 0.16344808412936704
2.3591749439976577 1.9686370502090693 -0.9269572164533074
0.0373772064971396 -0.057913968283746335 -0.0205353182244513
3.443186212116541 -2.700453425880279 0.6763034679993221
2.2051220491597943 -0.8262084565470336 0.9816469237813621
2.418562618728537 1.6331042441762098 -0.7895492831676264
1.5618258297187748 1.7256280894038731 -0.14534460334577742
3.724866487557907 0.9460180216682238 -0.9991388130724724
2.952397529151974 0.4008603877549859 -0.21008828905848934
2.906004741607775 2.56637640413588 -0.724841408170883
2.4528010311000883 2.2223406422150447 -0.9993063992531992
2.251919555393173 -0.8249731071331379 0.9896714352317829
3.079602842484525 -0.7723974049419803 0.7408850856599016
3.800573450995102 -0.24356416659232716 -0.40357116103807467
1.810689813678382 -2.2231725497056605 -0.4008850660444307
2.142099984260312 -3.4455058714541313 -0.9644636658259241
3.4228138697740986 -1.6332171000309863 0.9761585260236512
3.5564690840197573 2.029446832774398 -0.6421268026870683
2.0326836022268746 -0.706371146422031 0.9702623861058185
1.8593510776653739 0.2422847341114977 0.8623823788916112
1.292852022850877 4.393262965420121 -0.5622220835386066
0.7375242546295033 -2.294476806613271 -0.9999041764798863
1.3076674567919495 -1.6515672669127281 -0.3371611110885066
1.058865335444708 -0.7013715928474263 0.3499275310140429
1.5200216057364608 1.3268015244111886 0.2905193219393138
3.216223741248788 1.9501045218188535 -0.8987266680513659
2.9712037337859307 1.1968752842834092 -0.8554848151857152
1.5938886546908235 -2.4580454765807795 -0.7605480739992622
1.231256198055827 -0.23934661780039232 0.8370722210053199
1.2022232308524248 0.1534625567772821 0.9769528049914988
0.2124548586582149 -0.34570934807367665 -0.13286047808849286
0.3079426717469227 -6.366095809205092 0.22313772087115827
1.8151701136760656 -1.5162534641363323 0.29448506922021783
0.15993775073941618 1.2707290454558355 0.9901979128023622
2.2758943626226102 0.01976801432287701 0.7485882421435835
2.3134539640479135 0.29064724895784283 0.5119827630262423
3.5774902739935373 0.5679657510642621 -0.8435520883895828
3.2187850198801184 0.3773031097854767 -0.43900906371485654
2.830934563205388 -0.3716428475513166 0.6305805044925518
0.3586535852898409 -1.1876623431415985 -0.7372620433900408
0.7828878342964276 -3.180497462560136 -0.6772238942128511
3.5529628956618837 3.4721375663886116 0.6757009558385025
2.8806872396695558 1.8250524809948172 -0.999977893754034
0.8636085489358347 0.9057249900392816 0.9803561402671898
3.6920396455445306 0.5068501725411592 -0.8710309567180381
0.25651866699470327 0.9259874859696254 0.9255577636540191
1.522658186273151 3.204539462290015 -0.9998903536771678
1.5525934547139593 -1.2371564957373378 0.31023190064997125
0.07161742825373762 -2.055904410152238 -0.9157238305541575
2.213507147485406 0.7489470968509705 0.1781818364586313
0.06864742906422361 0.2584158349428776 0.3212633584470173
