3.1725336559405406 0.8800664005933222 -0.7901216282421943
3.8079183124529985 -0.0761122440561685 -0.5565383452861508
2.350189919173468 -1.0980015115677744 0.9496724002574773
0.21498039947008163 -1.4887423068304406 -0.9562086758920018
1.350845668221739 -0.001655815760194747 0.9755456099149685
1.4733171229611046 0.49713113246815865 0.9211964835793963
3.632277033382831 -1.0848136419814123 0.5597874418938195
3.633525745184905 1.448665739487874 -0.9323987449202369
0.21362563707772253 0.8512561614852919 0.8747316529436441
0.48445093910505177 -0.2953465551890504 0.1879793205620384
0.10398595080783446 -0.23517736079833873 -0.1308154070815047
3.134114423343172 -0.6171868455488527 0.5848256289514245
0.7215052239512683 0.10434422616072879 0.7351239174555554
0.4646023764557454 1.335536836898329 0.9738159918758846
2.9035648712752935 0.01779067300586952 0.21846101131368134
1.1081190773916774 -1.3101471699145508 -0.200656586551741
1.6282017009290208 1.4978317496639362 0.015558575219643326
1.3450056328408069 0.11352247962981282 0.9937045406060607
0.6341892224200398 1.0233033560079314 0.996244233297733
1.2827995960803262 -0.718252867782235 0.5350329329099753
2.6111771655293756 -0.6856941462628621 0.9377553454753466
3.214543028400618 -0.2162700634024966 0.1428295484474256
0.2082853233121278 -0.5825281165022587 -0.3655678374420331
3.23014458920301 0.0769785369273821 -0.16477557570659948
1.9830752891052787 -0.1957596168545663 0.9766511182547527
1.978976555311625 1.114381908346029 0.04821548900247154
2.3500737458885275 0.2642744152042777 0.5031539536459884
2.5008462090814167 -0.6570277792846477 0.9629604066096009
0.18093920314016865 0.6994801041612642 0.7710059732629
2.472814830682252 0.5544393663165483 0.11408948956064158
0.5749752081268049 1.3313161740380004 0.9442474349683331
2.4489412200277836 1.1165165579016187 -0.4112866007589037
2.7808646393523735 1.1704201291626113 -0.7240748537681305
3.9759415505084696 1.0781407431986627 -0.9421886160776014
3.475980074407062 -0.8491879527914441 0.49236124366768985
0.34611308674692465 -0.689150326255315 -0.3363489212766735
1.512718247667618 0.6648619384397819 0.8214861979803022
3.1589655338051488 -1.4545593830798662 0.9910874778712442
2.645982808846666 1.3270761185509325 -0.7389201301449854
1.3195814959660468 0.013191419105994811 0.9718059173107951
3.219178470501402 0.9462888432113822 -0.8541294857192999
1.0957182089478321 -0.5043265034540282 0.5575169084553923
0.25601999573456213 -0.33158158865877585 -0.0754897096117494
3.060663353383275 0.03721427479092555 0.043701103485192246
1.4515294110751191 0.2729987733888868 0.9882065122081829
0.5232856894177473 1.0021403114154417 0.9989709433024604
2.6206881838339955 0.3745922195737472 0.1457907842349805
0.025233796984305723 -0.3144499303998948 -0.2852010019768133
2.5123958151215087 -1.2657823345849086 0.9479113343626563
1.7411419958079422 1.2216309902764662 0.17786818630462117
2.47658213326137 0.32825545255634175 0.3304261667734305
3.1322642355870767 0.9161018918722976 -0.7875193668784307
1.9947616349116046 -1.1309500365284282 0.7603238814038422
1.4774612544390866 0.22147516839400685 0.9918012856050732
0.039986632027498636 -1.561784236427379 -0.998799802757599
2.251774471493052 0.7399849633937303 0.14927322187317477
1.9534676520028253 -0.7081211790760821 0.9475069882398797
3.439694834899035 -0.4583381124464777 0.15955111983365777
2.5659852137319974 -1.369131061281696 0.9308945537014978
0.008496282277218548 0.18494506068198116 0.19223718335475734
2.307707942962242 0.22458620833862927 0.5722923379854736
2.6834774576702283 0.08900974166704816 0.3607812779294072
3.5557862582851874 2.1880615969602975 -0.5135676056216286
1.1506210183308871 -0.2172163790615082 0.8036506999924181
0.5188414182069558 -1.880841990721477 -0.9782812424316533
2.463626361545919 -1.407550864674729 0.8704301893741252
1.5889227080390373 -0.5123978981841502 0.8803145288222896
2.7435830257575216 -0.3103898687727223 0.650619175910429
3.0004375802026386 -1.5791303937153343 0.98884729082755
3.766149163498901 -0.8056899234657704 0.18014455997308318
3.2310086266309272 -1.0084871819797978 0.7950385966070257
0.3642678357096978 -0.9045235925053101 -0.514355339659423
0.5014229975945117 1.5353321034698393 0.8933912186068712
1.662182697149034 0.3487765492983572 0.904682257303311
2.293032250819171 0.023148542541889916 0.734827190565501
1.4140481738298871 0.8294267389359039 0.7821554916278081
0.09534258608707669 0.6148186655275563 0.6519560496234683
0.10313096051818293 -0.010006091483892705 0.09299032716501596
2.9482048923523005 -0.05935034690664924 0.25005601550997747
2.639823846285845 -0.31774331499823755 0.7308129022127255
0.4746174498935196 -0.4797136153196846 -0.005096143367524769
2.0199751490014473 1.2141342885652562 -0.09238485977772615
3.209477858410472 0.04138535377355764 -0.10905323896243117
1.3667863267913738 0.33728189781140405 0.9911324373178959
1.7829633143148276 -0.30538441129729454 0.9956584011744943
1.984505671226044 -1.3175805203021658 0.6185729218944146
2.4124507069737664 0.587723471952616 0.1409475700898841
3.79005602409583 -0.9453513050450101 0.2925457107206073
1.1575838884537784 -0.6096651397637971 0.5209117803958154
1.9767010756836894 1.5267691142640134 -0.3540307916481107
0.29179876830942897 0.39678904607802773 0.6354474053450384
0.7562383811418458 -0.5028421916546304 0.25069313631945955
2.539407693584761 0.7792996913917957 -0.1761901788472763
1.3711457401423592 -0.9294385632929459 0.42748341471957224
1.875971969083512 -1.1353757955383825 0.6747280471920124
1.3576070449173678 -1.7380557805526415 -0.37133715696924585
0.46101895083580846 0.4518439467401496 0.7912575930520078
0.4450444454731719 -1.350827998453303 -0.7869089028651672
0.3359270991996679 -0.9984186086421343 -0.6150832200442856
2.083902145868365 1.2957773942053097 -0.2358439127562088
