3.344041782813186 2.221503911142634 -0.6576082844623976
2.1475576533552143 -0.06404092991870788 0.8714132441447208
2.4046238092863828 2.1789690444909127 -0.9917172382313986
2.770346567059538 1.0130462376963656 -0.5986383665775896
1.6933957198735548 -0.45738997196737513 0.9444791401274536
0.7973306802168141 -0.841347400041175 -0.04400250767693818
0.07227813987620602 0.6002122227571083 0.6229360595593868
1.1390483446264952 -2.5951440426366075 -0.9934290916536772
2.770645542753952 0.22653291932142192 0.14391274399464096
1.3325489501102696 1.4920513297375084 0.3117101967974051
2.494922841069991 -1.993862555540395 0.48035575703489225
2.9091497227186736 0.4875271991832236 -0.25232695109127823
2.4045743603221257 3.639998273038525 -0.23635483550624253
2.2147562186727137 1.3323503329299409 -0.3944910332170744
0.5061469838676182 -0.12168882653493984 0.37505690270638997
2.1452616601681895 1.3531845032226872 -0.34932770412471675
2.1466818615478966 0.117013978268196 0.769397127736762
3.750318756782401 -1.783274643380089 0.922515687443756
1.6779333163729309 -0.2785243931589769 0.9853490942175994
0.8019774998007159 -1.3524833808528056 -0.5231184380324992
3.7577044368570274 -0.9155732070692886 0.2950056423322087
3.9303755136874776 1.607925524122892 -0.6778867337290466
0.023747737647279 -0.8716896896303972 -0.749920538047902
2.1956321526570663 2.032627526394355 -0.885080540711059
1.8476941008374181 -0.09133901716139567 0.9828333158033198
1.7273876749289228 -1.081268415492348 0.602092461709081
3.7400162346862045 1.120019868449761 -0.9891199502610322
1.3094947318319372 -0.08424083207946997 0.9408918671471643
3.5005284791018147 -0.09579330621547531 -0.26011617665885295
0.6411082159094659 -0.2512327381935917 0.38007324038715434
3.5594349225738107 -1.2590543915294286 0.7454516194821128
0.9694431985846479 0.6886903275620768 0.996188530485257
1.48485021457696 1.1264730154017168 0.5057657834505691
0.7207115367537771 -2.932476223273165 -0.8015170818907974
3.732148737193194 1.4427266603912938 -0.894945888635891
1.7949202192619333 -3.3344698793066216 -0.9995118626266868
3.709520743586993 -1.4913394291368847 0.7976636447430613
2.5461054943032293 1.633587868157386 -0.8614412126995665
3.296878231729412 0.09857910934811198 -0.2511466460592356
3.283359663101505 -1.5901473446921248 0.9925165149279926
1.0675690271222562 1.6481444100165812 0.41312162251527945
2.144372368424465 4.4212030822585096 0.27865191740932643
2.9570960869203264 1.180823400301726 -0.8394806923918836
1.1341380900978417 -1.916329153779029 -0.7048353866504945
3.909704612660115 -0.37206782144724015 -0.3857717143085348
1.3436434970636424 0.3439561158622451 0.9931862481341619
2.9371976310505423 1.0753688722405403 -0.7649565386283116
0.06470238058106981 -0.9428071890554927 -0.7695299720222023
3.27961157869246 -0.7207071342356053 0.5502705404808929
0.7415461134367192 -0.6029430818416973 0.13815967847272873
1.653576093905258 -0.029974490990825074 0.9986061253418126
1.2898762759029183 0.4757860231405585 0.9810736308309863
3.8050783478881325 2.13567905829965 -0.3357750219762972
0.23745245907017942 0.25401616874164845 0.4719211987419989
3.944319975615014 0.6754470537428553 -0.995713652727738
0.43583635138785537 -1.279836904726166 -0.7473073746991393
0.5077439754175286 -0.2517490814030122 0.25320800605848565
0.5136937599881488 0.6372165623704515 0.9131354172621201
2.413435913299775 1.1639151758658148 -0.42209808260061915
3.316487452200448 0.02888607114233882 -0.20237340606182358
0.3351165599035779 1.1409024028347534 0.9955119866986707
3.2127281884738146 0.025783474597326585 -0.09676734926351072
2.641999527805431 -1.4937154795158836 0.9120616520696831
3.1504012860515522 0.34491336380692383 -0.34639176599210686
1.0948452485226472 1.1673379131975503 0.770362501611627
0.7961283457500756 0.8888606149590861 0.9934871031216018
0.48085708677990446 -1.776733235166982 -0.962446869871035
2.497164556114901 -0.12785733456702408 0.6977741552207393
1.4669672187445406 0.7242438305334082 0.8136374183335179
2.184600844702996 2.9218130459979608 -0.9233713480062983
0.12854367944119272 0.3359108832913481 0.4479352111741705
3.5850299195553395 -0.10459947691794699 -0.33239118736357137
2.304683772209119 1.1300654632312213 -0.28897557069344487
2.0743477164642843 1.5768820045265857 -0.48786046730613475
0.9512605652680874 -2.010344013910152 -0.8719070396190004
3.3686735736366105 -0.7850226322409205 0.5294411790910512
3.008524057461418 -1.5887832747373207 0.9886127885995407
3.138171562781866 -1.4888636616684925 0.9969195491790014
3.9149815857032366 -1.565617740545517 0.7119202431230837
3.4964773555057143 -3.2796910957522294 0.21509222061953953
3.791941324811466 1.7627582144760667 -0.66574050389668
0.8518951292410337 -0.6045771004881788 0.244804477329695
2.4057305504210227 3.322925384584291 -0.5265432550652982
2.9018143980499724 1.7839835467408607 -0.9996464792444745
1.0795558663939069 0.7142031897014336 0.9752466118819045
1.5829832073109245 1.5470466272465155 0.011562561378268327
3.1750138421339344 -0.2602282318406518 0.22486749206346734
3.19766317804266 -0.9823262696876496 0.7993758842508034
0.5195039518297198 0.4671827103736943 0.8342033980441625
0.6569123823101819 1.2616117269810863 0.9401494256003463
2.250413842903126 -0.4352069634294481 0.9702801306040455
2.6484344510356723 1.0801818401746703 -0.553885381662433
1.1221109799313256 -1.09968115124105 0.022427948006859714
3.9072485102490404 0.2557079959182711 -0.8528210232293516
2.724384916350178 -2.2456154597813884 0.46068734041965725
2.404045510070616 0.41758568056401185 0.31452997965467977
1.7866709150305264 -2.3251956940091603 -0.5128701227840198
2.3279251416459616 -0.48619658641223207 0.963521822988642
0.7493495554203657 0.09116352437863823 0.7449854836343828
0.7868129659132173 0.7680514386676587 0.9998730896117485
