1.2594588670181985 0.18179806993045894 0.9916214993293079
2.0285553613466507 0.7821971675853652 0.324837707445165
0.3008877497294713 0.05740173691754911 0.3506728546901255
3.7183402248481157 -0.20017755317310204 -0.36773299085781813
1.6419367140674477 -0.19383059049579834 0.992482993504534
2.561542166550597 0.6327870512924025 -0.052712122978353086
0.8115712442960725 -1.4156151462282465 -0.5679754237530064
1.902749104793068 0.3799469875954656 0.7571221768593872
0.3891448475391295 -0.32681772049527086 0.062286781486395104
0.1623525717684875 0.6679251293477974 0.738118756405617
2.0119403924914505 0.09176879950283608 0.861330861757329
2.4750357629203297 0.477320131360556 0.18810933444961983
2.120612941131121 0.27853596095678484 0.6760905300852456
0.5188116649879269 -0.26825824911663076 0.2479401328531264
0.8828512510423789 0.09447701552369836 0.8290061923912443
1.8183646026142526 -0.22006346773886692 0.9996217666120489
3.520534591975021 0.3532456320060564 -0.6684981595227111
3.4535862000313946 -0.38175585575461485 0.06970573678143535
2.9738202628761057 -0.43503584732764095 0.5669579827788033
2.020480848948141 0.46962312459624767 0.6063708487663407
2.5402151758688976 -0.7271145095628802 0.9707876488910595
1.7522700682133974 0.1770647474868553 0.9364106766504356
0.39108792519995683 0.3971642873394635 0.7091220160475737
2.0792866619279664 0.30946700328750126 0.6837132664723589
0.2251993541487045 -0.5961785380462665 -0.36252817838452733
3.4529977188577736 0.6425399375058441 -0.8157039106349954
0.4039647180654784 0.028540874521399518 0.4191469893347454
0.6393721013059208 0.10934170440288164 0.6806971024207548
0.08045401722979184 0.5198124657910872 0.564862391271798
2.8388662111910143 0.6725535599181579 -0.36145424349746097
0.7628077184191491 0.17654035699283357 0.8071734315087348
2.8760096480074515 0.17812848579181004 0.08734308278182865
1.7810989686601748 0.08620176873335302 0.9563636676324138
2.476099818241929 -0.6065634774222651 0.9557080820137525
0.2945422554051351 -0.3066931124898931 -0.012150558088135784
2.332569063937166 1.2530629731774867 -0.42959061914863433
3.8238176368216004 -0.704321224328638 0.02209444308167851
2.4547576397114335 -0.08036897232456922 0.6941252320213812
1.4680232625404357 1.1568704770798692 0.49401268998467235
0.7600629326009343 0.1133285280229842 0.7665114410239557
2.784627947870699 0.35300639244968496 0.003958302932781335
3.802418057324012 0.7523626019840374 -0.9876054974773265
3.9728284466667043 -0.12392833257874508 -0.6497894913602913
3.2082897699999404 0.16113266231011636 -0.22586391679315032
2.4194184211072667 0.08954074803032615 0.5912706404336746
3.5925883675772847 -0.06145840377400585 -0.37976042846726343
1.4881797755855817 -0.14861560594161838 0.9733847518250364
1.1578616504247057 -0.8657331576691869 0.2879911909614363
2.334452790837167 -0.40864796845452545 0.9376435358010649
1.2836094643909202 0.3217166272178991 0.9994039069015268
2.8365064218822056 0.97280800578358 -0.6191986541870584
2.4221843243697827 1.2070240539671093 -0.4685208280657751
3.362707837348346 -0.43936036904590414 0.21651676875236112
3.0441818050603335 -0.3308051615645758 0.4152485541965742
3.6879006719594165 0.4269493234800054 -0.8267227077739852
2.503437202188892 -1.3604324887769994 0.9098841443285824
0.9558877048168712 -0.7219249924157113 0.23183408336185415
2.6848868407222493 -0.17981839681721795 0.5944039229180055
1.424281895276692 0.2611564449071243 0.9934357984374868
0.241544994600412 -0.053316334970386584 0.18711913585482093
1.4747778185261753 -0.06388382404335542 0.987242838907917
2.1945696839348816 -0.3868881086557796 0.9720736464710024
2.1449059801972385 -0.5003724742866753 0.9972826457695909
2.30271603174567 0.5372131826847558 0.2971089411983355
3.0861959322289776 -0.5366393505323039 0.5580517234837921
2.0694843871255664 0.780674418483696 0.2873259067323946
2.6644174483988787 -0.10241389527713023 0.5476801884264483
1.3795570752625155 0.08120923436526513 0.9939528022753031
2.817458184576222 -0.22124538776702202 0.5187428789948019
3.550369277847253 0.7420122164076303 -0.9130858877390409
2.7488729233820433 0.07482221238437642 0.3125701162788433
3.829021065674545 0.04040563329264753 -0.6652540580623185
2.5421106922694348 -0.1559800967800955 0.6856250992575669
0.49142885196929864 0.22387384457596707 0.6558459507735803
0.45427789987026657 0.1339369314062587 0.5548767678762322
3.951788184809868 0.47192441008372127 -0.9586215265160534
1.1277875835482196 -0.007667345258812823 0.9001528213819568
3.876711756807189 -0.45339803603997997 -0.27800927942550796
2.6170165417262536 0.334367370033082 0.18906387622197898
1.1140330509492098 -0.11110782315437737 0.8430478896633555
3.711159771743966 0.36973714733439444 -0.8071475691069414
0.9890316882830406 0.20205351867208704 0.9287717483903141
2.7560831477046097 -0.152435957755981 0.5123727141073134
0.7923291039741316 -0.36450489152370197 0.4148921008849907
0.28982169818677983 0.14679349103557082 0.4228746177529127
1.1513615388343998 -0.05354698105266682 0.8902139244641412
0.9345128976490709 -0.21205788439568826 0.6612283760620494
3.8653889747928103 0.622512952505213 -0.9749084205424785
3.586398065909717 0.33015905252728117 -0.6996906878442217
2.784056939642902 0.6229436131786109 -0.26230290683979046
3.9425856840707536 0.2904633564009755 -0.8872995315372878
3.767281456598424 -0.2070140117515482 -0.40655006191702014
1.8737671677895422 -0.967915406124941 0.7869509905119266
1.6979180097342441 0.44295881658402897 0.8418575323117619
2.0284641276990034 0.856064881908282 0.25424178264497055
2.6976992151119386 -0.3880762862314346 0.7392592581923926
3.3303061315693236 1.1515988040131446 -0.9735559296096841
1.7629868880904174 0.03431592685990049 0.9744568939535232
3.49724683352094 -0.18751300148211372 -0.16735003163614043
0.6613756386591882 0.45347841500901825 0.8978465359379834
