1.4274828337958385 0.8412022737025339 0.7662005665419668
3.3477672810756167 0.07047559742457121 -0.27313478452681766
0.4023546850628432 -1.6202284789287886 -0.9383665724587388
0.5885841409746195 -0.42079084904361175 0.16700704105263808
1.1631741387723906 -0.12372143412068932 0.8621270461062576
0.959639737959296 -2.0154704485643884 -0.8703096570083759
3.488594522900921 -0.025045303201879438 -0.31642319917592404
1.6454488415311053 0.6318665685220645 0.7606262560468786
2.6059108443807104 0.6274147916846803 -0.09160438200406579
0.735992848383725 -0.3083072489529561 0.4147659769855161
1.1854276596817641 -0.24782698920186175 0.8061406814768777
1.1595787108118563 -1.3696199061559842 -0.20850018998930386
0.45822086850482036 -0.1596567439239452 0.294148158308374
3.0634492912516555 1.0249231946082642 -0.8115381735685312
1.1507405537258375 0.13314271885005677 0.9591220274640568
0.8796503989384195 -0.3999992845356049 0.4614696876902784
1.619335598998044 -0.5822460964564959 0.8609272238428056
3.718286416859635 -0.016837501655981302 -0.5310644093516513
1.2172383318750608 1.6635234427131047 0.25788341620093364
3.486188845253446 0.2177607773051586 -0.5331816746278802
3.2338672211503474 -0.8279895910698098 0.6711174105995538
1.0088759376764718 -0.3550434395022074 0.6082329434753915
1.5610248924951637 -0.24278947060547781 0.9682756672149216
1.8325110682362378 -0.8447471237361459 0.8347969886016791
3.1723550636666182 -0.3553943394197059 0.3189599618099463
2.8241439891999462 1.6729506235649017 -0.9769135493044776
0.36296531443488256 -0.33257292774488684 0.03038770801249567
2.8302965142179817 -0.6341770422059203 0.8107740057816494
2.3163692369278177 0.5141378429622461 0.30609228476597766
1.0602118288559685 -1.029403527996143 0.030803427467452165
1.4402415585180002 0.5019928556654499 0.9318063471223141
0.2680360505918773 0.008946721222347746 0.2734546714834377
1.4201637671930922 0.7611922292313557 0.8193272729738313
1.3557144592430648 -0.6877582021107913 0.6193827613194778
2.0358189983808472 -2.394684236001502 -0.35121198618734195
0.8390906788519796 -0.6363933874872515 0.20131213000982034
1.2751479282642935 -1.3818261662116902 -0.10647601560889218
2.5853496940808935 1.1994426481446032 -0.5997588366213534
1.337534028059069 1.3780535125284974 0.41323627019130826
0.395153843976324 0.11177993310160024 0.4854989270098317
0.42572207134623197 0.31029039199553177 0.6713378882498093
1.3065621763289097 -0.7851417355091439 0.49811232195065663
1.329183905998352 -0.23497898706377834 0.8885637838289182
0.7432211792499714 0.25477023449374947 0.8403840443292269
0.26729387724782416 1.1253609034743075 0.9841747117861475
2.8895766741857654 -0.9329888097073014 0.9265008731607041
0.08400154505783197 -0.08376029594383555 0.00024124911165626032
2.766698051983169 -0.28918089707146816 0.6163313635226046
2.396882534015984 0.7678239040585046 -0.023111726461206145
1.1367746475348768 -0.24581376876142877 0.7776761773593568
0.9167732417676184 -0.051219657204691786 0.7614542241469131
3.007751170051957 0.9303758304921067 -0.7149372440153113
2.2734952590476847 0.33553238019664605 0.5077447882648084
1.149988703858103 -0.11908806639114786 0.8577623065683033
1.6510309931071112 -0.4939622445578346 0.9156286071820668
0.1681148049301866 2.7754766403897344 0.1967099862701036
0.42499796245513277 -0.08935178694346158 0.32937935600889345
2.548849779709523 -0.4043946379433279 0.8399209305214289
2.1879809874356937 -0.34328581651879964 0.9627236295820732
1.9681509683846854 0.9359915583204651 0.23522506776974828
1.8770863150805557 0.8780059197063088 0.3769492992807377
1.3586459075916073 0.6384111355373634 0.910518189542342
3.8731810919664564 -0.8051467841290898 0.07349202840975454
1.4100323577452918 1.8064278383216394 -0.07479762145513506
0.8561147361402215 0.038905164601914226 0.7802215293045187
1.5680338508378941 -0.2843712467355781 0.9590595565188188
3.0070397082267695 -0.5643372712503214 0.6433684815436805
1.9837749491639074 -1.2127653776183536 0.6968596659259576
2.845533417730675 1.9277562396795311 -0.9981461268598657
2.872317580261807 -0.2419044054760615 0.48920629072355853
3.5181690210028713 -0.7216166500131359 0.3382345859394687
3.973216345745644 0.1717888568791416 -0.843309889675118
1.4657905053032767 -1.2133985739431503 0.24972082131108841
0.8660598497354521 -1.3830819801650502 -0.49429368624320613
2.2001320905909614 0.2419606055795251 0.6438351530515513
1.4442035157091024 0.5175677465737429 0.9245379611753924
3.7104641872756114 0.06219867235783434 -0.5900091763142454
2.5125995412991022 -0.8587943105154818 0.9965567387536841
2.908518565878448 0.840844175283371 -0.5710382940198326
3.380705121347299 -0.8131898699257425 0.5430603223423633
0.7483305127393769 -1.6542293270347512 -0.7869800218437142
1.8426275493606465 -0.5961385051523154 0.9478716897847467
0.6618677628060299 -0.6125605584734999 0.049287227478596186
3.2378514173352637 1.2415619515342238 -0.972983712915797
3.6468448657625214 -1.2652395469171371 0.6889122648219594
2.5303887875485818 -0.779360284768867 0.9838020999035877
1.230008601035388 2.3284728470158655 -0.4049176767968396
3.817689279411318 1.751796374086243 -0.6546349799660682
2.005299911073222 0.4807401984972222 0.6095973442072008
1.472301845179044 0.36034256652346247 0.96591322140466
2.2052141092025415 0.9735505780827461 -0.03716347381480247
3.5058183482634306 -1.2186382552643147 0.7541852973474386
0.8864711921853967 0.814862311368868 0.9914921142075144
0.6355017688121052 -0.40367686426422844 0.2297539911673143
1.0948801739113598 0.5824133157282941 0.99433453483245
0.015060899398792849 -0.06241313175284633 -0.047334538541012196
3.2526374021531854 -0.15378936500989682 0.04273160117153159
2.1112990454621925 0.9792342598475282 0.051037165399581974
0.7060986693643514 0.27910935782333063 0.833387082953664
0.9057434563364537 1.5258025366723853 0.6518691559176417
