2.0766139441392624 2.6504758878993644 -0.9998919444263817
2.7886607342774914 -4.712953518002599 -0.9381680458660108
2.3351310252649053 -4.136149234352291 -0.9736157868625809
3.031194842661015 3.826486470236553 0.5434117735098136
1.4886330048461698 -4.128825443534346 -0.48065387240202534
2.7770845672886093 -0.053059922884703375 0.4055386254680944
2.972857931263865 -6.896757947073728 0.704917880683256
3.776074630978356 -1.398692059683916 0.6919669498655646
1.8067019204013097 1.8851645644153088 -0.5229206571670464
2.6414003552446266 -0.33095599427949485 0.7387058392882826
1.6470316520781587 1.9914674013108802 -0.4767083592087741
3.6488129431302903 -4.450662832335625 -0.7186436929571178
3.777941252810387 -2.531223714144208 0.9479444753143366
1.8371173855659713 -1.4881769689113962 0.34190227147146196
0.6591994251601374 -2.1411891583967737 -0.9960592853988344
1.5870886858780016 3.1834766730679167 -0.9983082317173867
0.8584051558308476 0.5482592188857108 0.9865605625863461
3.978791595247066 1.8605037396588295 -0.4294556924452138
2.695086331263197 -1.324472138731041 0.980030377093528
1.306639562362096 3.805879112581665 -0.9210104808163913
0.8528682220313759 0.19634131840364327 0.8670296448464933
1.6898652586765182 -2.2243132025877945 -0.5093660452270038
0.24133366846982973 -1.0561426948426647 -0.7275946025550771
2.648366211784265 5.178427595719791 0.9996304338113452
1.853277854014867 -2.1612372539155156 -0.30311467067550796
2.6999358532219158 4.882841459771027 0.9634489672566193
3.0319337732559055 -1.0970810920929281 0.9344601788540355
0.05971826575425476 -2.7772597263209255 -0.41145619637436665
0.7670157729542857 -7.860619061004938 -0.72457530824797
2.8271344830061804 -1.9396663236338119 0.7754756876910281
3.86590589373499 -1.6537884618215641 0.8013061002031688
1.1798979613841167 -1.3387253288562677 -0.15816044251809322
2.7202717499100477 3.2759691456792055 -0.28302289586878315
2.7480718123873173 2.4482871404292608 -0.8851546871854254
1.6862252949429322 -2.196881203105197 -0.488749582077289
2.6020283063267544 0.5498292969503644 -0.010264769420032554
1.9238976569320752 3.40278627621386 -0.81718002687453
3.953677724390987 2.229272502252258 -0.10006731999896978
1.5968655083660641 -4.3252502795554495 -0.4015492877404012
2.92037828098964 1.1073396696770876 -0.7746271358028466
0.3131637949169561 -0.9166875228345581 -0.5675472200414744
3.4338793815268565 -1.1184684603272328 0.7353491419100106
3.9048337946373524 0.47639898700274563 -0.9456670531367158
3.4986069753700844 -2.1103768217095076 0.9833810329868974
3.2058038833460296 5.918446645252015 0.2960240407321957
3.5477284603736883 5.9094279431386685 -0.03237278564296685
0.24964393773706117 -3.5130036109098106 0.12146633178552162
0.603619287072616 -4.055834539962124 0.3056514994939227
3.8280922073743 0.7897670894796236 -0.9955353955421474
1.528405263649311 2.260993928869108 -0.6034387724571327
1.1765081656478693 1.6730675031347368 0.2878844054736522
1.5975053322922048 -2.180693880916266 -0.550688248269889
1.8397077856449644 -1.0526524889835258 0.7082775799291074
1.7286619532523066 -4.142542773090581 -0.665162807809399
3.7216437450878987 -3.622145554247918 0.09933410189374195
2.873192800097169 0.6215990121725362 -0.34590124998500865
0.21307520165198124 0.08152564130294128 0.2903579126566728
2.7030599553366756 -4.48113040710307 -0.9785955160802821
3.0573774948892924 -4.00267957587241 -0.8106738385897607
1.861687395770573 -4.108497077171011 -0.7800733078178363
2.7840742675849763 1.9917822275964003 -0.9979866132667671
3.273369220668399 -2.349306881685384 0.798056095368627
3.0150862928787996 -1.0012946644353848 0.9034717893089055
3.848111176091729 0.9069941240502126 -0.9990877967327441
3.9350471108244913 3.513331918709578 0.9188647928477471
3.4252831442375116 -5.256469265685162 -0.9662896960960128
3.616657419157357 -3.366216507360315 0.2478311401096518
3.947021559524779 -1.8955322241141435 0.8866746928631807
3.091803456356475 0.2369849025985184 -0.1861043267788451
1.0271509623494017 -4.467015358432732 0.2938686986840299
3.9020911669997282 -0.08582559790401441 -0.6246419261670273
1.9807922724968292 3.6622155074723985 -0.5973378257734029
3.2987869471022324 4.216548669051627 0.943205336809466
0.18977854068579836 1.988485436545188 0.8210960888420669
0.32771893557603216 1.2147909771368335 0.9995999660632272
2.6528865427414083 4.290034858938793 0.6129083473308882
1.2134659436987527 2.061132626493451 -0.1326141048334003
3.2952595610207744 -2.9356284214866872 0.35192899397961885
1.609552507436569 3.2740078643277677 -0.9853859120207795
1.0739287395250505 3.9920647291414615 -0.9381306420786559
3.6210294508286367 -1.746059875111392 0.9540948942602109
1.4345664488364487 0.8766825475122897 0.7381632534722009
0.6772622255157592 0.33550124508154106 0.8482983906848164
1.087915043063194 -1.4081332594490146 -0.31477369184712384
3.8963359659970527 -1.1190778459188049 0.3563275874269505
3.0870349514027806 -1.4364593129584495 0.9968193182706842
0.03714633429728398 0.7387891491139371 0.7003840981041445
2.640341640168037 0.6938955621213169 -0.19145518956744279
1.6412480393927513 0.9831900599453325 0.4944087972718785
1.854119477320309 1.3552814145781789 -0.06775628702422785
2.749598310438459 -0.5466756630279915 0.8067729719695518
1.0331681157179933 -0.6615151984424557 0.36315599724816905
0.1593296357118521 -2.730403164402878 -0.5400690277599454
3.515137052137941 3.8778511358532803 0.8956110169617155
3.6260759781820804 1.1239419817894873 -0.999292113480615
0.6644413293771465 0.06150260307156573 0.6638416800210394
0.9443086673367356 -2.0354915495089836 -0.8871733597286593
3.1602540464174793 -1.163768161335702 0.9107541971694788
3.2287782073470317 4.219953262345188 0.9190037989867061
0.5518867753534087 0.11227566396930469 0.6163998258137139
