1.4910889087445982 -0.7206585250344544 0.6964441512027449
0.3612071130382488 -3.2774657680360706 -0.22343192954059357
0.3736806052062218 -0.2737875842615402 0.0997269714701192
3.0792214025155524 0.13089988051383553 -0.06847500498214272
3.5932985224738845 1.3450445583257753 -0.9745807975473372
3.122764898981241 2.9577539181066497 -0.20128195923131875
2.358171428841015 1.663304350289212 -0.7706644069394915
2.9213309739418505 3.379055490189644 0.017200308718642483
1.9066243287251665 -0.5471358422636439 0.97775744610238
3.4274939763443113 3.648865806403629 0.7125840292065824
1.0142713989994507 4.7912542460443515 -0.459702045009759
2.7898865102025363 1.81667550212404 -0.9944055505226308
3.9529795589234293 0.7612883227415321 -0.9999982348655088
1.4429186260914193 -0.6673329796495577 0.700134353464352
0.30023061559300324 4.630536686425577 -0.9762500642069383
3.64361790868832 -2.4541832632928444 0.9281586992749141
1.2768184383203622 6.380358140528568 0.9806963122263147
0.6889171850298914 3.768206108121575 -0.9675962431511173
3.3289388873667978 -3.151902776335601 0.176112787872675
3.9862724992553 -0.03383918247196127 -0.7248665543243121
2.1843197013079827 0.031413838541515235 0.7991375127813535
3.67766097826699 -2.150484886826604 0.9990487883726651
3.1973907027464388 3.0963051860507136 0.01051038809723555
3.340676739726645 -3.2400093459242605 0.10049745397716033
3.076663106306312 -0.019289284784091122 0.08411930931638124
2.304083839724348 -1.8812225345717222 0.41037140640436376
3.917209211112004 -3.4462651455476885 0.4537277823535078
2.815887234465506 -0.7205462055811267 0.8655520531596336
2.8860026347764323 2.853964738414008 -0.51689337484594
2.046448028278339 2.816549264406072 -0.9886799899432932
0.24492646128553108 -2.5008911235963636 -0.7743125347823329
2.622589806709878 0.4065742072792789 0.11219193585294139
2.267167788981889 0.5805006859118678 0.2897103339439194
0.05875860289675927 -2.5213084621381174 -0.6280484390677626
2.3039680419148203 2.4992107047539576 -0.9958814393683809
3.497501506740722 -1.5582915396401955 0.9328998243936412
3.516972494621413 -2.8362118375035275 0.6293843082750455
0.2985195713589839 -2.316597035692805 -0.90162638421184
1.0367811333184251 0.7896677114587254 0.9674984950294859
3.97478706583002 -4.987833240591132 -0.8484480538684915
3.5007202990247337 8.116788776064634 -0.8127527544467047
0.24049932335358237 -2.8022468949437203 -0.5478943470951301
2.751593215293877 -3.759273995828915 -0.8455960665265243
1.0990791583369415 0.07476438473387978 0.9222433578122097
2.3038726222238815 -0.7498064564141722 0.9998600541209682
1.7096455894291922 0.5287561786518711 0.7853064046853018
2.3840204924205657 4.210801585911605 0.306616979233308
3.288398346117049 1.4153506730564032 -0.9999626757673196
2.5976945367242603 -0.5111550799449154 0.869926464610888
1.9243409215087248 -2.6557109553820792 -0.6678899230024338
1.8856079129339967 0.4930124642015832 0.6910728118352987
3.521466375743472 -2.836861464031209 0.6323669982505712
1.6103704410196293 4.318669295373606 -0.34678908590210117
0.8635253211829022 0.6884629232968049 0.9998231332337006
3.4671777780483732 -0.04715345442006636 -0.274848057273208
1.3783764896976094 -2.3706998020020436 -0.8372984990169346
3.804109761192218 -3.9024405489907315 -0.09817240524352588
0.9053676026646404 2.966613439875323 -0.667159002202942
3.0993227959738543 0.6453910129063452 -0.5672157195722263
3.248199379398876 3.5410176476640842 0.484710117577055
1.4739837338333928 -0.24448222522660104 0.9423220702070931
1.01699312759821 2.3346637761239317 -0.2085227380314988
3.780845135833796 -4.079458804353443 -0.2941955100540603
0.20608967989587645 -1.197091276519898 -0.8365751250717879
2.03743671204083 0.09368920030246615 0.8470799937050069
2.9231677565431373 -3.310718726960962 -0.3779221476028439
1.2291584839313634 -4.1922932182249735 -0.1775121947856354
0.2637011685128341 2.4467286728108046 0.4179274768820357
2.2615070822589622 1.6083729601652235 -0.6655924636493518
3.3382542973868556 -0.6229118886721838 0.4134594807018115
3.1299835265544287 2.6794448767662975 -0.45623261775330953
3.7738771141110474 -1.8308299371102326 0.9315110423873741
2.0902486613359574 -2.230718610965939 -0.14000845085889618
3.5279958042285955 1.282082521863182 -0.9952321893617448
1.615942265394752 -4.314041102939742 -0.42909789484677174
2.07245831445707 -0.6248489492081432 0.9924220764611518
2.957901365641415 3.5128160844539265 0.1864348762229057
3.780610668319651 1.294626304990369 -0.934889754953249
3.7431645050423232 3.5514153982038428 0.8475727517468534
2.4634944171013897 -2.1962395279276596 0.2640847770954198
3.205262687237123 -0.8476996916646182 0.7061384399170394
2.8256557411470897 2.3054737659208087 -0.9136017793827175
0.9434915402060446 -0.23029138820602368 0.6542573024503535
1.9833269594282377 0.4363764711564917 0.6608038230798849
3.8930243403540348 2.3904819199795737 0.00032095314851128277
0.8739159942420041 -1.224909300317416 -0.3438307227635197
0.5009306451809228 2.364408630451937 0.2727530058740231
0.6637558271723636 1.6925736032642584 0.7070113575872463
0.8138618242661542 -2.5748284450362515 -0.9819720593463682
0.7733675798450914 -0.5636313091681397 0.20820195716850715
3.604422182275868 -0.8088192138547012 0.33912787988587717
1.4002823244131068 0.5575591214888133 0.926028431870028
2.2820980287155406 -0.9207041216436782 0.9781553116129361
3.5072101273515686 0.6339731869129424 -0.8412497473348564
1.5040953511711206 2.3228123425336626 -0.6329169531815123
1.1165266613655151 -0.8490582346653895 0.2642907279043014
1.0272035085277174 2.2921349361341434 -0.17681133120269113
3.084691894143104 -0.08854940441613621 0.1449378548558432
3.076541092227635 -3.2569569973186185 -0.17943874353058709
2.180216404095203 -0.2083208280042822 0.9206323697689364
