2.2475589009247896 0.029860113040132454 0.7605589933379424
2.0940726969138996 -0.289979708635474 0.9729095407585858
1.29659289498158 0.3158153085521499 0.9991343507774034
2.3453588998679744 0.040907356713141885 0.6855263378028172
3.557442913662151 0.05921045605366501 -0.457392440744902
2.352274416538093 -0.1511454630220171 0.8078314983263336
1.0674998388950359 0.49773407206928266 0.9999845298049519
1.6762953416993747 0.05538825768031306 0.9870855361185706
2.6006714715798727 -0.17248317573886254 0.6544117239040157
1.7323582489368818 0.1981787612521696 0.9359881427681721
3.0891166671645083 -0.2961555999125393 0.34161203635488074
0.6562817856459873 -0.31069678458511457 0.3387471494846392
2.332930118225605 -0.10073543939972758 0.7891341062108912
1.2359772593713805 -0.13931750390948017 0.88968726921205
3.703820793234397 0.09244620955452784 -0.6089009543408714
2.743855690676983 -0.3769012440546785 0.6994575570054543
3.8908158909730313 0.15090690915578678 -0.7834078033792057
0.21779009382553394 -0.09764849700773197 0.11985278463187837
2.143759221226772 0.12878948372511093 0.7637121005092493
1.2062888960276448 -0.22437281806672907 0.831563143939723
0.041453790418152 0.5828315542931631 0.5845175644935157
1.2023232131560775 -0.10866651096284975 0.8883121541895697
2.345689187803986 0.03072929974159841 0.6926626283706799
1.7736654478899467 -0.27006176406051224 0.9977434235662643
3.4397868981023945 0.03411227520376828 -0.32622422981850785
0.44294105405539685 -0.2640554783066562 0.17793304320997153
3.3437672690503892 -0.5090561950346556 0.3020873815229267
0.2828057942451201 -0.05794872165626348 0.22296703505526294
0.7064162632703002 -0.058474192328711684 0.6035468414068983
3.017868951273214 -0.3088372580949176 0.41919725815839
1.470204327908231 0.3649131541097775 0.965270074234485
0.8279382303294667 0.08935971807758171 0.7939617603341023
2.334282905337237 0.1954320207202748 0.574405524920811
3.7635859016624362 -0.41574917827357777 -0.20478502226146156
0.39986406148286946 -0.5532999734847117 -0.15283457410841492
1.7462735392979898 0.14804492227421379 0.9481215867179854
3.8321411887094667 0.18115994159159363 -0.7654294921315322
3.3865641069802566 -0.7320436745392315 0.4680405993035662
2.205636624121213 0.35657675843677683 0.5475046146495713
0.7406728884788323 0.35438660398677135 0.8889554975761355
2.8329855277899045 -0.00945093334008387 0.31272260959436327
3.435392610847028 0.19543707453692574 -0.46995255933790586
2.094831142032923 0.08811422778550666 0.8184150092498674
2.97700028029324 0.03380667227157329 0.13041317372249292
0.7315233894833613 0.09743438468177246 0.7372275975015383
0.9433245905897976 0.06258995430473971 0.8446518903617102
0.6978302551324327 0.6664469593714125 0.9787506135734252
0.34652754944670994 -0.06718952455458176 0.2757193932820854
0.9830343829737345 0.008940728288430152 0.8371080707238762
0.7223677812102993 -0.024789347900704764 0.6423636838430957
1.253890968873177 0.23425125761720106 0.9965860940806717
1.6247018169974639 0.035746362397335536 0.9959839636365622
2.655798515235978 0.3037677848262176 0.18102281964166544
3.767496793156911 0.42715854268038467 -0.8689430570053668
0.6587878734664976 -0.29884556300030934 0.3522202412374672
0.32443259612027076 0.2798126865331098 0.5681411577341758
1.7149387486812184 0.371353584407988 0.8700483148671119
1.4276636190485141 -0.03493144485937874 0.9841884230257958
2.374912698169306 0.3310564518915073 0.42197575608866633
0.8392921148366059 -0.15411182373091079 0.6328126220994205
0.7046956194915839 0.4191735215449907 0.9017794174453985
2.5986248366235665 -0.11336871459195463 0.610218632521355
0.6888206844284932 0.162493046315337 0.752146796727049
2.6955897391960506 -0.0744310242327865 0.49725667131288037
3.9373063504510846 0.31837918280210514 -0.8975111244666178
0.33706396645234804 0.08166979574262916 0.4066039387399773
3.640788320064829 0.024239236944832553 -0.4998580758176183
3.2583480156057867 -0.10288364434974341 -0.013871272794022784
1.1646239788903436 -0.07453703403799128 0.8866671218201876
1.9714560371562322 0.09406779360389088 0.8800981214053283
1.13914712831362 0.012983456379032102 0.9136321849952734
2.900465889878153 -0.26670435492800443 0.4862832208682045
0.9851990811038576 0.19837288857645036 0.9259607629350063
1.3782195309542962 -0.4290532837675855 0.8129302422129415
2.7498343474105935 -0.5927451982929961 0.8329974936691054
2.0141976659780396 -0.17528164474767263 0.9642707289458768
3.860020962623349 0.04890223663255957 -0.6942163308314337
3.78318559472088 -0.14969415426813512 -0.47230040081006974
3.9848265023078002 -0.2127718862394111 -0.5895179734550127
1.302983512561624 0.037466550988641115 0.9735873963995096
1.6585766286112023 0.2663284835276246 0.9379558940369526
2.0401107582352194 -0.49087064838416405 0.9997676737520067
1.8708565764792437 -0.21877577841552173 0.9966982359077565
1.155977486652565 0.1985991516205598 0.9767154501673972
2.185736643581546 -0.11520263342751014 0.8777082929925232
3.356976067551183 0.24555323919942332 -0.4447872025047883
0.30606529136871474 0.06405358606455228 0.36172626209136477
1.9207524318520424 -0.3161537791038247 0.9994287557750198
1.7635109976303682 -0.23640367754077377 0.999045787138876
1.842134808771613 -0.056136263898618984 0.9769332315249053
3.2808550276821373 -0.10842514708702604 -0.030832339873493715
2.2067711032466453 0.2962253848479657 0.596068843569399
2.946308972714615 0.1307921943887672 0.06444679080156573
1.7835410003670007 -0.08713978576239569 0.9921220714902939
2.9853249429487643 0.5602751875468087 -0.3931063360910767
0.6499214779336704 0.3984496321202925 0.8666115867159171
3.2663284578200025 0.24157298811926495 -0.3581715624440964
0.1661555483314241 -0.3482697391640462 -0.18110920507899164
0.23052076531854215 -0.3677852161543224 -0.13683381136557643
0.8446509582522941 0.15414780844756787 0.8408213487370141
