1.8384521689124247 -0.6021895560535782 0.9445635074411417
1.0204247502734352 0.7998945617428141 0.9690303268163639
0.6513939343564399 -2.333646294087726 -0.9937952035823178
2.7669122315490497 -0.08159376123075004 0.44060650592875356
1.9854066812619258 -1.1563890113475095 0.7372680644117616
2.297175050911634 -0.12425017729019489 0.8241318781942415
2.797937480659582 -0.5849325357323761 0.8007748259679198
2.050444753338335 -1.0914706363927282 0.8186027728958055
1.8728123767505451 0.4612380307699105 0.7225903710455089
3.0999832570490278 -0.07512836336641449 0.11647279589648073
1.1231004362373564 -0.4002466301000159 0.6615274917815179
2.123427548390305 1.369770011743931 -0.3444049706176396
3.9131321245277806 -0.1921834296794447 -0.5474851757657229
0.1910273880499056 -0.151928699827242 0.03908872724159422
1.1072949668194392 -0.07161234141139888 0.8602106540808425
1.4075278015085617 0.5881761442885197 0.9110768196717014
1.030369110139418 -0.14923809460195334 0.7714590136260846
0.7541736537478392 1.6781433874945189 0.6512842520696422
2.735744724780875 -0.4103046353051745 0.7285156223650626
3.118990801469725 -1.8065673969527813 0.9668069887873137
2.504476764133653 0.020810581975403943 0.578024170954087
2.6072729239618084 -0.18599881218932596 0.6596241200771336
0.25141271280680577 0.26303997709171956 0.492058455292737
0.20270172727058133 -0.6310542870526247 -0.4153727706679148
1.794044555366907 0.16667818790566724 0.9249370329560426
1.2489307828732734 -0.7296111943213095 0.4962895487668748
1.4602967028009628 1.0827932725266864 0.5634060479432749
3.5399329932958525 -0.19112910229092148 -0.20573159674335276
0.3589076218165119 0.16125036023137929 0.49701723149372257
0.6902523823886768 0.20091930736665875 0.7778086895774163
3.039763797661924 0.5844165190697049 -0.46407287101272177
3.545329860773811 -1.4327422100428653 0.8567863216229262
0.39694019136318603 0.114625307302002 0.48954292847772424
3.464644155387306 0.5027235482737756 -0.7350734771961304
3.265711610090298 0.17757926733009619 -0.2971421549388605
2.5800601302315633 -0.33273692869430455 0.77975190152468
0.21339224932985879 -0.40798187881132164 -0.193363925617333
2.020847375381894 -0.7415451853064421 0.9578155543391771
0.7107177399310451 -0.3393534011332169 0.3628871053811135
3.9080543073462697 0.2034718205553522 -0.8248481045728098
1.2756823098054721 0.7040415583302994 0.917547787338796
2.546112641295594 -1.2706237195484051 0.956712722217045
2.690632261655518 -0.9940329909869066 0.9920972405824477
3.636979610814969 -0.29658786677704 -0.19749221650434698
0.8569622154252134 0.40042881013442416 0.9512892336807738
1.4940129649535971 0.8864321426966602 0.6897527739418721
1.946120209092856 -1.280244165087103 0.6177482695905907
2.183197339957222 -0.30012012879304445 0.9516352897884846
3.7154584076325765 0.6125104797045704 -0.9270160661779576
2.050025521850959 -0.5582939693803392 0.9968760086405806
0.47866000542931353 -0.27911815590216055 0.19822029199417973
3.259401912395502 -1.9362464524770437 0.9694933838002324
0.4373514396394591 -0.10419596098941307 0.3270266266036729
0.521403406195303 1.076364446104543 0.9996362904555454
1.1210207020006635 -0.19121786108786942 0.8015020569021252
3.688018650162774 -0.5876703157027672 0.041232626714650424
0.4536784431509018 0.3660971990264686 0.7309927496619248
0.6334959341037956 0.8339689233733746 0.9946660523136095
3.725679196860054 -1.2378894651236003 0.6082094667508087
1.4229158333263254 -0.16861953684957265 0.9503305752994681
1.251213540293493 -0.05798771686436064 0.9295630440232691
1.5544362636307651 1.5496213550965627 0.03752622176390808
1.9387662625984552 0.3690549555014952 0.7404713674084442
0.7214962276677857 0.42320251679735477 0.910585628282475
2.4247604535840406 0.07186577904211833 0.601171605174971
1.0094303657055308 -0.17809519151962525 0.7388317897844002
2.96394310705942 -0.32339002879751627 0.48033759255779634
1.562631600431971 -0.3104632907063314 0.9496661045083807
1.4253219918971314 1.5330308757326396 0.18221607126711267
0.8740182234188874 -0.47973923209456876 0.38414260031343495
0.28442115590035 -0.40270178409334273 -0.11800502400280342
0.46658246255963665 -1.4354669628202261 -0.8242546087705758
1.5494455340289939 0.8050311258102417 0.7083204267657638
1.949724114830035 0.007776410232853054 0.9261570599064265
0.7527476721212998 1.6967630002905054 0.6381415211676947
1.335206799607775 0.7742060517235603 0.8584191548373604
0.5754688978857465 0.74167475458385 0.9680022740082179
2.4713125817937396 -0.29571182713436506 0.8226133159158097
2.4920253725479204 0.6806365006164201 -0.031064221314800102
3.268963310403902 0.5333986685279901 -0.613724431517119
1.6716474992657155 0.5101806777601735 0.8190564681836517
1.9206344750826285 -0.42814955734540566 0.9969352283572491
3.753631119416419 -0.1468969366604548 -0.44854929877503036
3.2861030622822938 0.828733805350565 -0.8267153218727189
1.567856219696624 -1.0017503787917834 0.5363494690672226
2.425922374951904 -0.5284774929153153 0.9471230407494174
0.16492791555522102 -0.06147122524277393 0.10327223461677928
1.9444577871404904 -1.3444367630035081 0.5646598252392683
3.4378078109888626 0.8147325868055922 -0.8961197087256935
0.3987835536325841 -1.4665161385302155 -0.876109609361545
0.44446739906364474 0.49606245650111197 0.8078704894978597
0.36813556725423924 0.1878320266696549 0.527765411904749
2.378042053668666 0.24548475220007018 0.49520071504582513
1.1938228806511413 0.5019258290518267 0.9922036027527193
2.4812820164639047 0.37291953776386083 0.2834512917359143
2.5959007430518892 -0.24577808813103955 0.7113871562224645
1.3077746571372844 -0.3037050721401644 0.8436628168859917
2.971290049108844 -0.6385402330937785 0.7234888279500874
2.280057444763014 1.0281477273699287 -0.1658427346447274
1.0020052999584932 0.503138189654592 0.9978456264839116
