1.721518803967732 -0.04562824700499946 0.9944826823361919
1.493609044306468 0.29705108877163183 0.9759271617831677
2.7171333724400015 0.04832172061236585 0.3673308006218618
1.6708678841945295 -0.292685091809834 0.9815072926399391
3.201197835706841 0.14251092914251812 -0.20074281435453745
3.5181551322823217 -0.14891275395137002 -0.22568851195327674
2.0224002041099003 -0.31182349900167994 0.9902466190257098
0.1251343525455968 -0.20888365470877768 -0.08365143431639357
0.359493628548083 0.37335645510486715 0.6689907330296803
2.974665718574367 -0.1949282835243663 0.3540099191828391
1.1896610208073763 0.12269978742687611 0.9667909930534333
0.2898685072187668 0.23036211104485746 0.4970802595810886
3.4180400489269105 0.05709525135328563 -0.327392481737887
3.6550692733131904 -0.12346967159482686 -0.380194841501048
3.2420655719038214 -0.10045607297988218 -1.6845334145334624e-05
0.3147394696315011 0.5816289221287162 0.7810643052283506
2.8903892133121616 0.13357378235242878 0.11735857710815564
3.027136530793248 -0.0286124011605706 0.1425809544257417
1.2901772520763592 0.10176018660153863 0.9840473449681921
0.11024067984869568 0.19574655835166058 0.30123470286641657
3.357285554995672 -0.08899436662624322 -0.12635983497641348
1.2640583769384288 0.0841389314037496 0.9753269711103512
1.9543648986458089 0.10733756274566836 0.8819060460362953
3.638751795740195 -0.44011915136880947 -0.05700906530230261
1.2606992676810247 -0.03264865905292918 0.9418354514150714
1.0057574350723155 0.006621936203971575 0.84809494041834
2.2013717834664144 -0.28126791001615764 0.9396099283513762
3.2662532079886923 -0.051056766061393304 -0.07353734803330436
1.0338614311857595 -0.053341746914371595 0.8307867341883702
3.5816486556876197 -0.08339189448460116 -0.349150227893258
1.9330014281725347 -0.13341075712630726 0.973940549687136
0.01604439122587653 0.1007353891097677 0.11651453022612127
0.1605637593738427 -0.19725334203343248 -0.03668135174994913
0.941195789211291 0.06430371685981627 0.844429640710449
1.8251774592359196 -0.2967391441576171 0.9991030335452613
2.1491722388318757 0.009995308401865306 0.8318457659517151
3.51297124443533 0.11808671758906726 -0.47015404498145813
2.69423234764203 -0.3106164283817892 0.6874535002085831
3.4316942376922057 -0.4032152140069902 0.11287257513413976
0.27397055500263967 0.16585409996300096 0.4257808148073965
2.7889124898751803 0.21755214449897317 0.13471716431530414
0.713623227818799 -0.13874498201307855 0.5437326114703419
1.0443251994357383 -0.1392109633903949 0.7864957117790632
3.1464682846955507 -0.015256666523944527 0.010380848965593768
0.1999923160817536 -0.16023815493305094 0.03974369077425825
0.9909200773691396 -0.23413925204741537 0.6865845057361541
3.5781551221986425 0.07054719408273684 -0.4856526852568766
1.6258791023221706 0.18189296121041615 0.9720524070697608
0.40040511617468955 -0.08489260923653102 0.3103037202585231
1.1630182275094318 0.05909310243066393 0.9398228122155516
0.8282223287477999 -0.061562153245500545 0.6937336649518372
0.36920631014998007 -0.07837732605682063 0.28674649568874916
3.5025128976285127 0.15516265225328355 -0.49347699682484053
0.8301013219372155 0.11554234974823495 0.8108737919681545
2.084100815552593 -0.26179018135105225 0.9685366652865304
1.8958455981289513 0.21303465496012708 0.8586922287469123
0.5808837922217456 0.16119425601782972 0.675821027929151
0.9412789419673331 0.2093183630497534 0.9130077690189806
2.9957795849627864 0.08601529550928677 0.05976214227160366
2.2129165214652238 -0.007543168800215528 0.8053225231924596
2.7116199784811696 0.026728100185050504 0.39240473871598197
1.2413254590378235 -0.35537265408701285 0.7745180371166883
2.1342255298547688 -0.3024260048999346 0.9661315891505983
3.5877163500530314 -0.05228481796190907 -0.38373621849520356
1.4488655537191746 0.16134742840746225 0.9992232642151421
1.2406633996790881 0.13836475915443305 0.9816687659665263
2.659687103423738 -0.19328261434265837 0.6250442070042218
1.095265513623298 0.029046220293621295 0.9019706162435185
0.31961662105738053 -0.16333751174924388 0.15564374739987363
0.8730508244271697 -0.07661923397480441 0.7148653940634075
1.0453367311744088 0.18959470290466285 0.9441256063798388
2.191836948564845 -0.2165566934059994 0.9193056166708107
0.5997529292429968 0.1334652069568074 0.6692642504022559
3.1508891114234023 0.137235672443289 -0.14600831148254054
2.1709327655041286 0.08392962937103148 0.7750095827909681
3.1946962216559 0.08361321072884831 -0.13629127022406365
1.1873422253775576 -0.02151684364684827 0.9191138449676165
3.6749798494875865 0.24098546147457697 -0.6992677509175675
1.2893866711697082 -0.11897708789904578 0.9209103201027331
2.5711219461342423 -0.16992180377718596 0.674577716882921
3.945276584965492 -0.06716102031641046 -0.6717161198274922
1.7038549548765567 0.19891083248158326 0.9454023192336751
1.125517127881034 0.12281852810271535 0.9484585003479815
1.376695931718884 0.1355767072576182 0.998287977708599
2.302749358705428 0.23650131659953108 0.5665738412234935
3.845469200309732 -0.22238909521899136 -0.4630980261383042
1.5460332756624324 -0.2628873742634643 0.958913095988775
0.05905614448266627 0.21747452559772507 0.27301977372497466
2.9829109610718634 0.18023371523629625 -0.02155035430841386
0.23273206281111536 -0.10755856154015016 0.12484687906415454
1.3485791620129568 0.18386024531127934 0.9992644635510288
0.8436521866410835 0.013090164199419753 0.7557131330702904
0.32888978578307304 0.1952012593025665 0.500426257282016
1.8402696580197468 -0.34532088680736894 0.9971249528626109
0.8699794804448815 0.3946465689368491 0.9534948731575654
3.3143822982639253 0.08941085813381656 -0.2592064716173239
1.3610788792876871 -0.16259085548381816 0.9314901445226875
3.7873703977184396 -0.16577811435994827 -0.4617788471481663
0.4726578514305899 -0.04922129354030614 0.4108959220767106
1.382689828981821 -0.15771172037139286 0.9407984189500896
