3.1390645532784975 0.11211162519831533 -0.10936433335034136
2.3444211019252283 -0.02249478607351596 0.73091815756055
0.8191023775697426 0.09839815759374332 0.7940849102447871
3.2370452046735276 -0.01855439007437593 -0.07682239608320804
1.8349424801911245 0.047394074711422825 0.9518625805736667
0.6838993866278824 -0.11735354187522343 0.5367207786229906
3.9650745030459325 -0.053822008413605495 -0.6958909946128891
3.21663197577572 0.1565148310002954 -0.22949047432862832
1.500321837773268 0.024988561892870912 0.9989656935641129
3.700785146485653 0.10606068395059265 -0.6172583420597507
1.5965375416687806 -0.011472134022562135 0.9998981983931373
2.6268543145106245 -0.002913628067235986 0.4948411020575998
1.1042561455101425 0.1731129998374692 0.9572582397144396
2.1938416553708517 0.007520554123597891 0.8076939921293071
3.4044202990340326 -0.1313257863601966 -0.13112318209722323
2.8228221569876526 0.10141116704089514 0.21565184165770154
0.3939641252593602 -0.02620809220118664 0.35952241154167086
2.403318789221211 -0.03148355422669016 0.6959610663680657
1.522231572449027 -0.25703710149648823 0.9536660466205157
2.6569057234246176 0.15381604029701532 0.3248668040974762
0.015396930077232973 0.1968666990180966 0.2106732631143513
2.4415385733184065 0.048885183854344184 0.6061165315851821
2.3308524874141727 0.07405858361394446 0.6718336565925311
2.6917970028502896 0.15754974952635228 0.28810362319656235
0.8846498167667884 -0.04051356989312052 0.7473975332568086
0.07731743103591171 0.07366386017501854 0.15040833273687504
2.5495687645846172 -0.005285852720600069 0.5624200668105476
3.309331605780965 -0.0944308267629903 -0.07324248243210162
2.2242817732049187 -0.05374226188974734 0.8254805966185914
2.4075248271066196 0.10693865709394162 0.5868226232572449
2.5939553666013953 0.02652975942831309 0.49784096656505494
3.4132948246861727 -0.11098466491107886 -0.1600265072258785
1.1147967190339547 -0.042802269239626795 0.8781563426330139
0.08927674587708978 -0.08002343143461504 0.009253182392339096
3.101686232075781 -0.04152466172111523 0.08134111786029291
3.372597777225519 0.10802254690392442 -0.33257026650664445
2.4348027486051436 -0.009131665046028902 0.6563130094950378
1.813268639640846 -0.11095014677087552 0.9913634203778647
3.485070935832458 -0.042484925635857936 -0.2964690505151098
1.515879112426426 -0.10875853778896583 0.9866350011702834
0.18314314861845382 -0.057954880880548065 0.124861529984957
3.022739745687262 0.0008901897015707162 0.11768932929062843
3.637433163190302 0.09831493333940634 -0.5598091360215117
1.1646969504827518 0.05275844657029427 0.9382218749494747
0.19713708072235336 -0.07628103463805175 0.12056205326685905
2.4050241550533404 0.1090454800474283 0.5871414834609998
0.32441829304687975 0.12742089310721114 0.43662088736247673
3.420174216976444 -0.04176910771839182 -0.234605241233804
1.9246650482269492 -0.18012268849777 0.9849440905097828
2.2163796123971875 -0.04998054901386024 0.8278105092959664
2.9738059995006596 -0.039078123571571574 0.2053925359573635
0.5998125382334778 0.027415167479080606 0.5869024067976649
2.1248066839620234 0.08547306438527204 0.8024041491436408
0.06593948445079478 0.015453036353891414 0.08130268315289632
2.516524631043703 -0.0811193079166851 0.6489376571353788
1.6065339862883805 -0.006913967370715435 0.9995846261452981
0.20281155369106418 0.009434245172557813 0.21065583302136415
2.812030207997774 -0.055381177765782 0.37550688636707474
1.0548683689863703 -0.01433377333279485 0.8626747271453838
0.2849053469017164 0.016502598751141056 0.29686497516740756
3.835917766858588 -0.17056208207636997 -0.500142242771612
1.8675555693065706 0.040278798324087844 0.9437383037471655
1.1039238616173668 0.013558284047483908 0.8990006052668932
2.0628191718738678 0.17313876922423743 0.7868170492702767
3.581076246772336 0.1542725116804565 -0.559478191243405
3.3118366778513817 -0.09196135285206478 -0.07820274089845536
2.162920075495757 0.12853430307696906 0.7513716571385299
1.065644310044465 -0.04143669889396001 0.8543025930184289
3.976931463865609 0.10959407504903432 -0.8104576200193997
1.8151617560139317 0.09467542456770624 0.9430740947119549
0.09183180499164179 -0.06833597508295818 0.023493668140450598
1.5706972932821075 -0.08315187874776492 0.9965366437916501
1.476342736029559 -0.1879223778538922 0.9603961138931028
0.7467218220777596 0.04852797381615104 0.7140385109205164
0.3586874295967446 0.15635015468691196 0.492567558016768
3.7437054872970577 0.1725086008141806 -0.6994455700736244
3.4167010238656377 0.05963066128462559 -0.3285226973965855
3.1079083390952342 0.058732146611009034 -0.025045213055790404
3.284049205347729 0.04749485995653073 -0.1888111808514174
0.12073240204093194 -0.22478018758474305 -0.1038601512621913
0.37695716728257 0.18648384064796258 0.5340984589622946
0.758992407592407 -0.12852957392500122 0.5895186771621322
0.2467539401779022 0.08897585783050216 0.32945831102373857
3.959001886631733 -0.08711240611759073 -0.6670907934487196
3.1064814447432836 0.1536659840202661 -0.11827725108024387
0.2712340956631363 -0.02170936412866086 0.24694343781014808
3.105868420200228 0.19015185864636774 -0.15381456118736758
2.1649176405618813 -0.018379739051638564 0.8387887775777375
1.7272773766319682 0.09199979055875208 0.9692871496168254
2.237668380101509 -0.07081327629948404 0.8275545809880965
0.7107932772434986 -0.12494456428719423 0.5529067656160274
1.8439344006177785 -0.07810294662509343 0.9810408624689131
1.382702753709839 -0.04366198999761056 0.9732646658665877
1.4408852783674515 -0.1429749185002334 0.9629971058023927
1.1204133549812494 0.11020035508741516 0.9426937494877765
0.3572886982928991 0.013274304067671603 0.3621402771227129
1.077552990596787 -0.08829891824886521 0.8356164631132661
3.2186464835270994 -0.058264895279403664 -0.01878782918639859
0.3680947707459623 0.08272985788226508 0.4357079205949147
0.5384159526590389 -0.0949154625880152 0.4291039232047244
