3.6201647211147647 -0.4605121363347345
2.042013340137173 0.891016459419159
3.7186027819298366 -0.5455205750640834
0.4069869387547924 0.3958441815635923
2.857084737334158 0.280685183374356
0.21111865215388148 0.20955384557569728
2.9767438761413363 0.16410316041238263
1.188040826588105 0.9276390398681829
0.4498286104066995 0.43481120046090077
2.1861233980211736 0.8165846966853835
3.8019948087635234 -0.6134345018486528
2.861647069979128 0.2763033509880719
0.6069069233257491 0.5703294896332369
2.583994559844616 0.5291496402803785
3.370628668512324 -0.22703881787932575
1.9224582951935778 0.9388015304510766
0.5615087555298497 0.5324638936889
0.027403407631194643 0.027399978009987967
1.889557531715071 0.9496243731358092
3.2589979913962037 -0.11713580417905285
3.752581195348098 -0.5736774363540077
0.5074570732927381 0.4859563455652343
1.6806502502028766 0.993972123392002
0.5482971679222173 0.5212347657275166
3.1230976437917017 0.018493955399009977
2.5581985512970524 0.5508598145430553
2.227451363648433 0.7920386614273629
2.979032789503795 0.16184484952344722
1.8473923535025212 0.9619905758552858
1.3547883624056767 0.976760851332857
0.730217453250559 0.6670316598316733
2.432284556320703 0.6513089023844016
2.916358965884362 0.22333415343590798
1.2288505067085258 0.9421039753196502
1.2974246146177015 0.962866078154721
1.1864875052527313 0.9270577896588649
2.0878326929686883 0.869287937226532
3.5525722289141535 -0.3995075255219076
3.2537214377109986 -0.1118939684552879
2.905400628102289 0.23400208169354894
3.318591370867892 -0.17607597846102582
2.4327431275838136 0.650960864217203
1.5353093537477371 0.9993704034483721
3.6747823120078738 -0.508282824748043
0.5412452698629031 0.5152036715145949
2.7869295043583504 0.34727449858109555
3.005757009791435 0.13541830447094244
3.991593645677388 -0.7512810599010148
0.6466248468190594 0.6024960590371434
1.8105874356855334 0.9713876076245945
0.4181048643281464 0.40602929442941593
3.6800089002239926 -0.5127769484129783
0.3671994872305384 0.35900302269041706
0.9112055155816008 0.7902430458947742
1.0135730794828155 0.8487268155039022
1.740847998555699 0.9855760236439504
0.046965229256255014 0.046947965702852805
2.6084323819101622 0.5082575169572504
0.64725250584873 0.602996888716241
1.5503019092497041 0.999789996775379
1.7896291793024277 0.9761514907302277
1.6261672640582705 0.9984674212796097
0.29621953627711317 0.2919064885528678
2.292106244040878 0.7509413450290416
0.6334932829624589 0.5919638262587066
0.8797923320814882 0.7706065464285985
1.4443292840727984 0.9920136964238581
2.779192430379751 0.35451957765855097
1.9354514813454018 0.9342467979598906
3.3406446708626474 -0.1977401554777706
2.5809084305803838 0.5317657849770859
0.15459601735715234 0.15398094719506555
2.8426508188605775 0.2945091375062852
1.6859136750137327 0.9933813121549231
1.2793945414208618 0.9578420905216246
0.6470374130518914 0.602825285880047
1.5722521010114079 0.9999989403609024
0.2334861343106236 0.23137046316751347
3.342403102041687 -0.19946355890321718
1.6988700356958581 0.9918097670124945
1.0410811428712723 0.8629510195399938
3.749256419433332 -0.5709510087950896
2.065460949423027 0.880127975211424
1.3541669265855196 0.9766274691073112
0.6967102834608752 0.6416980918482601
1.189828514232707 0.9283052192206683
2.736202265249548 0.39437753719618013
2.504534843775017 0.5948329416964452
1.7291740890359928 0.9874844362520236
3.0951188936709504 0.04645703264063463
0.9275276653464233 0.8001394467929235
1.2800841924091588 0.9580399961380563
2.889824370173485 0.24911688333432244
3.282263512781123 -0.14020737869603783
3.6848061455836114 -0.516889572271683
3.3144881144126304 -0.17203535797374003
2.0899197272009427 0.8682544111211871
3.19518506100197 -0.05356675689177844
2.2629074424806617 0.7699004937177031
1.6956405245134856 0.9922170797946691